! Reaction's Kinematics:  Alab & Elab
! 12C + 2H -> 8Be + 6Li     or    2H(12C,8Be)6Li;       Reaction at the "middle" of the target
! Projectile Energy at the reaction place:  27.40 MeV/u;      Grazing angle:  CMS = 1.52 deg;    Lab = 0.33 deg
! Q reaction : -17.24 MeV  (Excitations 0.0+0.0 -> 11.3+0.0);     Plotted Energy option is "after reaction"
Angle  [Lab-deg]1	Fragment - 8Be	Angle  [Lab-deg]2	Residual - 6Li	
0.000000	33.0964   	0.000000	7.74805   	
0.039282	33.0964   	0.108860	7.74812   	
0.078564	33.0962   	0.217717	7.74835   	
0.117846	33.0959   	0.326565	7.74872   	
0.157127	33.0955   	0.435402	7.74925   	
0.196408	33.095    	0.544224	7.74992   	
0.235688	33.0944   	0.653026	7.75075   	
0.274967	33.0937   	0.761806	7.75172   	
0.314244	33.0928   	0.870558	7.75284   	
0.353521	33.0919   	0.979280	7.75412   	
0.392795	33.0908   	1.087967	7.75554   	
0.432069	33.0896   	1.196615	7.75711   	
0.471340	33.0883   	1.305222	7.75883   	
0.510609	33.0869   	1.413782	7.76071   	
0.549877	33.0854   	1.522292	7.76273   	
0.589141	33.0838   	1.630749	7.7649    	
0.628404	33.082    	1.739148	7.76722   	
0.667664	33.0802   	1.847486	7.76969   	
0.706921	33.0782   	1.955759	7.77231   	
0.746175	33.0761   	2.063963	7.77508   	
0.785425	33.0739   	2.172094	7.778     	
0.824673	33.0716   	2.280149	7.78107   	
0.863917	33.0692   	2.388124	7.78429   	
0.903157	33.0667   	2.496014	7.78765   	
0.942394	33.064    	2.603818	7.79117   	
0.981627	33.0613   	2.711530	7.79484   	
1.020855	33.0584   	2.819147	7.79865   	
1.060079	33.0554   	2.926665	7.80262   	
1.099299	33.0523   	3.034080	7.80673   	
1.138514	33.0491   	3.141390	7.811     	
1.177725	33.0458   	3.248590	7.81541   	
1.216930	33.0424   	3.355677	7.81997   	
1.256130	33.0388   	3.462646	7.82468   	
1.295325	33.0352   	3.569495	7.82954   	
1.334514	33.0314   	3.676220	7.83455   	
1.373698	33.0276   	3.782816	7.83971   	
1.412876	33.0236   	3.889282	7.84502   	
1.452048	33.0195   	3.995612	7.85047   	
1.491214	33.0153   	4.101804	7.85608   	
1.530374	33.0109   	4.207854	7.86183   	
1.569527	33.0065   	4.313758	7.86773   	
1.608673	33.002    	4.419514	7.87378   	
1.647813	32.9973   	4.525117	7.87998   	
1.686946	32.9925   	4.630564	7.88633   	
1.726071	32.9876   	4.735851	7.89283   	
1.765189	32.9826   	4.840976	7.89947   	
1.804300	32.9775   	4.945935	7.90627   	
1.843403	32.9723   	5.050724	7.91321   	
1.882499	32.967    	5.155340	7.9203    	
1.921586	32.9616   	5.259780	7.92753   	
1.960665	32.956    	5.364040	7.93492   	
1.999736	32.9504   	5.468118	7.94245   	
2.038799	32.9446   	5.572009	7.95013   	
2.077853	32.9387   	5.675712	7.95796   	
2.116898	32.9327   	5.779221	7.96594   	
2.155934	32.9266   	5.882535	7.97406   	
2.194961	32.9204   	5.985649	7.98234   	
2.233978	32.9141   	6.088562	7.99075   	
2.272986	32.9076   	6.191269	7.99932   	
2.311985	32.9011   	6.293768	8.00804   	
2.350974	32.8944   	6.396056	8.0169    	
2.389952	32.8876   	6.498128	8.02591   	
2.428921	32.8808   	6.599984	8.03506   	
2.467879	32.8738   	6.701618	8.04436   	
2.506827	32.8667   	6.803029	8.05381   	
2.545764	32.8595   	6.904214	8.06341   	
2.584690	32.8521   	7.005169	8.07315   	
2.623605	32.8447   	7.105891	8.08304   	
2.662509	32.8372   	7.206378	8.09308   	
2.701402	32.8295   	7.306627	8.10326   	
2.740283	32.8218   	7.406635	8.11359   	
2.779152	32.8139   	7.506400	8.12407   	
2.818010	32.8059   	7.605917	8.13469   	
2.856856	32.7978   	7.705185	8.14545   	
2.895689	32.7896   	7.804201	8.15637   	
2.934510	32.7813   	7.902962	8.16742   	
2.973319	32.7729   	8.001466	8.17863   	
3.012114	32.7644   	8.099709	8.18998   	
3.050897	32.7557   	8.197690	8.20147   	
3.089667	32.747    	8.295405	8.21312   	
3.128424	32.7381   	8.392853	8.2249    	
3.167167	32.7292   	8.490029	8.23683   	
3.205897	32.7201   	8.586933	8.24891   	
3.244613	32.7109   	8.683562	8.26113   	
3.283315	32.7016   	8.779912	8.27349   	
3.322003	32.6922   	8.875982	8.286     	
3.360677	32.6827   	8.971769	8.29866   	
3.399336	32.6731   	9.067271	8.31146   	
3.437981	32.6634   	9.162486	8.3244    	
3.476611	32.6535   	9.257410	8.33749   	
3.515226	32.6436   	9.352043	8.35072   	
3.553826	32.6335   	9.446381	8.3641    	
3.592411	32.6234   	9.540423	8.37762   	
3.630980	32.6131   	9.634165	8.39128   	
3.669534	32.6027   	9.727607	8.40508   	
3.708072	32.5923   	9.820746	8.41903   	
3.746594	32.5817   	9.913579	8.43313   	
3.785099	32.571    	10.006106	8.44736   	
3.823589	32.5602   	10.098323	8.46174   	
3.862062	32.5493   	10.190228	8.47626   	
3.900518	32.5382   	10.281820	8.49092   	
3.938957	32.5271   	10.373097	8.50573   	
3.977380	32.5159   	10.464056	8.52068   	
4.015785	32.5045   	10.554697	8.53577   	
4.054173	32.4931   	10.645016	8.551     	
4.092543	32.4815   	10.735012	8.56638   	
4.130896	32.4699   	10.824684	8.58189   	
4.169230	32.4581   	10.914029	8.59755   	
4.207547	32.4462   	11.003046	8.61335   	
4.245845	32.4343   	11.091732	8.62929   	
4.284125	32.4222   	11.180087	8.64537   	
4.322386	32.41     	11.268109	8.6616    	
4.360629	32.3977   	11.355795	8.67796   	
4.398852	32.3853   	11.443145	8.69447   	
4.437057	32.3728   	11.530157	8.71111   	
4.475242	32.3602   	11.616829	8.72789   	
4.513408	32.3475   	11.703159	8.74482   	
4.551554	32.3346   	11.789147	8.76189   	
4.589680	32.3217   	11.874790	8.77909   	
4.627786	32.3087   	11.960087	8.79643   	
4.665872	32.2955   	12.045038	8.81392   	
4.703937	32.2823   	12.129639	8.83154   	
4.741982	32.269    	12.213891	8.8493    	
4.780007	32.2555   	12.297792	8.86721   	
4.818010	32.2419   	12.381340	8.88525   	
4.855992	32.2283   	12.464534	8.90342   	
4.893953	32.2145   	12.547373	8.92174   	
4.931893	32.2007   	12.629855	8.9402    	
4.969811	32.1867   	12.711981	8.95879   	
5.007707	32.1726   	12.793747	8.97752   	
5.045581	32.1584   	12.875154	8.99639   	
5.083432	32.1442   	12.956200	9.0154    	
5.121262	32.1298   	13.036884	9.03454   	
5.159069	32.1153   	13.117204	9.05382   	
5.196853	32.1007   	13.197161	9.07324   	
5.234615	32.086    	13.276753	9.09279   	
5.272353	32.0712   	13.355978	9.11248   	
5.310068	32.0563   	13.434837	9.13231   	
5.347759	32.0413   	13.513327	9.15227   	
5.385427	32.0262   	13.591449	9.17237   	
5.423071	32.011    	13.669201	9.19261   	
5.460691	31.9957   	13.746582	9.21298   	
5.498287	31.9803   	13.823592	9.23348   	
5.535859	31.9648   	13.900230	9.25412   	
5.573406	31.9492   	13.976495	9.2749    	
5.610928	31.9335   	14.052387	9.29581   	
5.648425	31.9176   	14.127903	9.31686   	
5.685898	31.9017   	14.203045	9.33804   	
5.723344	31.8857   	14.277811	9.35935   	
5.760766	31.8696   	14.352201	9.3808    	
5.798162	31.8534   	14.426213	9.40238   	
5.835531	31.8371   	14.499848	9.42409   	
5.872875	31.8206   	14.573105	9.44594   	
5.910193	31.8041   	14.645983	9.46792   	
5.947484	31.7875   	14.718482	9.49004   	
5.984749	31.7708   	14.790601	9.51228   	
6.021986	31.754    	14.862340	9.53466   	
6.059197	31.7371   	14.933697	9.55717   	
6.096381	31.7201   	15.004674	9.57982   	
6.133537	31.7029   	15.075270	9.60259   	
6.170666	31.6857   	15.145483	9.6255    	
6.207767	31.6684   	15.215314	9.64853   	
6.244840	31.651    	15.284762	9.6717    	
6.281885	31.6335   	15.353828	9.695     	
6.318902	31.6159   	15.422510	9.71843   	
6.355890	31.5982   	15.490809	9.74199   	
6.392849	31.5804   	15.558723	9.76568   	
6.429780	31.5625   	15.626254	9.7895    	
6.466681	31.5445   	15.693400	9.81345   	
6.503554	31.5264   	15.760162	9.83753   	
6.540397	31.5082   	15.826540	9.86174   	
6.577210	31.4899   	15.892532	9.88608   	
6.613993	31.4715   	15.958140	9.91054   	
6.650746	31.4531   	16.023363	9.93514   	
6.687469	31.4345   	16.088200	9.95986   	
6.724162	31.4158   	16.152653	9.98471   	
6.760824	31.397    	16.216720	10.0097   	
6.797455	31.3782   	16.280401	10.0348   	
6.834055	31.3592   	16.343698	10.06     	
6.870624	31.3402   	16.406609	10.0854   	
6.907162	31.321    	16.469135	10.1109   	
6.943668	31.3018   	16.531275	10.1365   	
6.980142	31.2824   	16.593031	10.1622   	
7.016585	31.263    	16.654401	10.1881   	
7.052995	31.2435   	16.715386	10.2141   	
7.089372	31.2238   	16.775986	10.2402   	
7.125717	31.2041   	16.836202	10.2664   	
7.162030	31.1843   	16.896033	10.2928   	
7.198309	31.1644   	16.955479	10.3193   	
7.234555	31.1444   	17.014541	10.3459   	
7.270768	31.1243   	17.073219	10.3727   	
7.306947	31.1041   	17.131512	10.3995   	
7.343093	31.0838   	17.189423	10.4265   	
7.379204	31.0635   	17.246949	10.4536   	
7.415282	31.043    	17.304093	10.4809   	
7.451325	31.0225   	17.360853	10.5082   	
7.487333	31.0018   	17.417231	10.5357   	
7.523307	30.9811   	17.473227	10.5633   	
7.559245	30.9602   	17.528840	10.591    	
7.595149	30.9393   	17.584072	10.6189   	
7.631017	30.9183   	17.638923	10.6468   	
7.666849	30.8972   	17.693392	10.6749   	
7.702646	30.876    	17.747481	10.7031   	
7.738406	30.8547   	17.801189	10.7315   	
7.774131	30.8333   	17.854518	10.7599   	
7.809819	30.8119   	17.907467	10.7885   	
7.845470	30.7903   	17.960037	10.8172   	
7.881085	30.7687   	18.012229	10.846    	
7.916662	30.7469   	18.064043	10.8749   	
7.952203	30.7251   	18.115479	10.904    	
7.987706	30.7032   	18.166537	10.9331   	
8.023171	30.6812   	18.217219	10.9624   	
8.058598	30.6591   	18.267525	10.9918   	
8.093988	30.6369   	18.317455	11.0213   	
8.129339	30.6146   	18.367010	11.051    	
8.164651	30.5923   	18.416191	11.0807   	
8.199925	30.5698   	18.464997	11.1106   	
8.235160	30.5473   	18.513430	11.1406   	
8.270356	30.5247   	18.561490	11.1707   	
8.305513	30.502    	18.609178	11.2009   	
8.340630	30.4792   	18.656494	11.2313   	
8.375707	30.4563   	18.703438	11.2617   	
8.410744	30.4333   	18.750012	11.2923   	
8.445741	30.4103   	18.796217	11.323    	
8.480698	30.3871   	18.842052	11.3538   	
8.515614	30.3639   	18.887518	11.3847   	
8.550490	30.3406   	18.932616	11.4157   	
8.585324	30.3172   	18.977347	11.4468   	
8.620117	30.2937   	19.021712	11.4781   	
8.654869	30.2701   	19.065710	11.5094   	
8.689579	30.2465   	19.109343	11.5409   	
8.724247	30.2228   	19.152611	11.5725   	
8.758873	30.1989   	19.195516	11.6042   	
8.793456	30.175    	19.238057	11.636    	
8.827997	30.151    	19.280236	11.668    	
8.862496	30.127    	19.322054	11.7      	
8.896951	30.1028   	19.363510	11.7321   	
8.931363	30.0786   	19.404606	11.7644   	
8.965732	30.0543   	19.445342	11.7968   	
9.000057	30.0298   	19.485720	11.8292   	
9.034338	30.0054   	19.525740	11.8618   	
9.068575	29.9808   	19.565402	11.8945   	
9.102768	29.9561   	19.604709	11.9273   	
9.136916	29.9314   	19.643659	11.9602   	
9.171020	29.9066   	19.682255	11.9933   	
9.205079	29.8817   	19.720497	12.0264   	
9.239092	29.8567   	19.758386	12.0596   	
9.273060	29.8317   	19.795922	12.093    	
9.306982	29.8065   	19.833107	12.1264   	
9.340859	29.7813   	19.869941	12.16     	
9.374689	29.756    	19.906425	12.1937   	
9.408473	29.7307   	19.942560	12.2274   	
9.442211	29.7052   	19.978346	12.2613   	
9.475902	29.6797   	20.013786	12.2953   	
9.509545	29.6541   	20.048879	12.3294   	
9.543142	29.6284   	20.083626	12.3636   	
9.576691	29.6026   	20.118029	12.3979   	
9.610192	29.5768   	20.152087	12.4323   	
9.643646	29.5508   	20.185803	12.4668   	
9.677051	29.5248   	20.219176	12.5014   	
9.710408	29.4987   	20.252209	12.5361   	
9.743716	29.4726   	20.284900	12.5709   	
9.776976	29.4464   	20.317253	12.6058   	
9.810186	29.42     	20.349266	12.6408   	
9.843347	29.3937   	20.380943	12.6759   	
9.876459	29.3672   	20.412282	12.7111   	
9.909521	29.3407   	20.443285	12.7465   	
9.942533	29.314    	20.473954	12.7819   	
9.975494	29.2874   	20.504288	12.8174   	
10.008405	29.2606   	20.534290	12.853    	
10.041265	29.2338   	20.563959	12.8887   	
10.074075	29.2068   	20.593297	12.9246   	
10.106833	29.1799   	20.622305	12.9605   	
10.139540	29.1528   	20.650983	12.9965   	
10.172195	29.1257   	20.679333	13.0326   	
10.204798	29.0984   	20.707355	13.0688   	
10.237349	29.0712   	20.735051	13.1051   	
10.269848	29.0438   	20.762422	13.1415   	
10.302294	29.0164   	20.789467	13.178    	
10.334687	28.9889   	20.816189	13.2146   	
10.367027	28.9613   	20.842588	13.2513   	
10.399314	28.9337   	20.868666	13.2881   	
10.431547	28.906    	20.894422	13.325    	
10.463726	28.8782   	20.919859	13.362    	
10.495852	28.8503   	20.944976	13.399    	
10.527922	28.8224   	20.969776	13.4362   	
10.559939	28.7944   	20.994259	13.4735   	
10.591900	28.7663   	21.018426	13.5108   	
10.623807	28.7382   	21.042278	13.5483   	
10.655658	28.71     	21.065815	13.5858   	
10.687453	28.6817   	21.089040	13.6234   	
10.719193	28.6534   	21.111952	13.6612   	
10.750877	28.6249   	21.134554	13.699    	
10.782504	28.5965   	21.156845	13.7369   	
10.814075	28.5679   	21.178827	13.7749   	
10.845589	28.5393   	21.200501	13.813    	
10.877046	28.5106   	21.221867	13.8511   	
10.908445	28.4819   	21.242927	13.8894   	
10.939787	28.453    	21.263683	13.9278   	
10.971072	28.4241   	21.284133	13.9662   	
11.002298	28.3952   	21.304281	14.0047   	
11.033466	28.3662   	21.324126	14.0434   	
11.064575	28.3371   	21.343670	14.0821   	
11.095625	28.3079   	21.362913	14.1209   	
11.126617	28.2787   	21.381858	14.1598   	
11.157549	28.2494   	21.400504	14.1987   	
11.188421	28.2201   	21.418852	14.2378   	
11.219233	28.1907   	21.436904	14.2769   	
11.249986	28.1612   	21.454661	14.3161   	
11.280678	28.1317   	21.472123	14.3555   	
11.311309	28.1021   	21.489292	14.3949   	
11.341880	28.0724   	21.506168	14.4343   	
11.372389	28.0427   	21.522753	14.4739   	
11.402837	28.0129   	21.539048	14.5135   	
11.433223	27.983    	21.555053	14.5533   	
11.463547	27.9531   	21.570770	14.5931   	
11.493809	27.9231   	21.586199	14.633    	
11.524008	27.8931   	21.601341	14.673    	
11.554145	27.863    	21.616199	14.713    	
11.584218	27.8328   	21.630771	14.7532   	
11.614229	27.8026   	21.645060	14.7934   	
11.644176	27.7723   	21.659067	14.8337   	
11.674059	27.742    	21.672792	14.8741   	
11.703877	27.7116   	21.686236	14.9145   	
11.733632	27.6811   	21.699401	14.9551   	
11.763322	27.6506   	21.712287	14.9957   	
11.792947	27.62     	21.724895	15.0364   	
11.822507	27.5894   	21.737227	15.0772   	
11.852001	27.5587   	21.749283	15.118    	
11.881430	27.5279   	21.761065	15.1589   	
11.910792	27.4971   	21.772572	15.1999   	
11.940088	27.4663   	21.783807	15.241    	
11.969318	27.4353   	21.794770	15.2822   	
11.998481	27.4044   	21.805463	15.3234   	
12.027577	27.3733   	21.815885	15.3647   	
12.056606	27.3422   	21.826039	15.4061   	
12.085566	27.3111   	21.835925	15.4476   	
12.114459	27.2799   	21.845544	15.4891   	
12.143284	27.2486   	21.854897	15.5307   	
12.172040	27.2173   	21.863985	15.5724   	
12.200728	27.1859   	21.872809	15.6141   	
12.229346	27.1545   	21.881370	15.6559   	
12.257895	27.123    	21.889669	15.6978   	
12.286374	27.0915   	21.897707	15.7398   	
12.314784	27.0599   	21.905485	15.7818   	
12.343123	27.0283   	21.913003	15.8239   	
12.371392	26.9966   	21.920263	15.8661   	
12.399590	26.9648   	21.927266	15.9084   	
12.427717	26.933    	21.934013	15.9507   	
12.455773	26.9012   	21.940504	15.9931   	
12.483757	26.8693   	21.946741	16.0355   	
12.511669	26.8373   	21.952724	16.078    	
12.539509	26.8053   	21.958455	16.1206   	
12.567276	26.7733   	21.963935	16.1633   	
12.594971	26.7412   	21.969163	16.206    	
12.622592	26.709    	21.974142	16.2488   	
12.650140	26.6768   	21.978872	16.2916   	
12.677615	26.6446   	21.983355	16.3346   	
12.705015	26.6123   	21.987590	16.3775   	
12.732342	26.5799   	21.991580	16.4206   	
12.759593	26.5475   	21.995325	16.4637   	
12.786770	26.5151   	21.998825	16.5069   	
12.813872	26.4826   	22.002082	16.5501   	
12.840898	26.4501   	22.005097	16.5934   	
12.867849	26.4175   	22.007871	16.6368   	
12.894723	26.3849   	22.010405	16.6802   	
12.921521	26.3522   	22.012699	16.7237   	
12.948243	26.3195   	22.014754	16.7673   	
12.974887	26.2867   	22.016572	16.8109   	
13.001454	26.2539   	22.018153	16.8546   	
13.027944	26.221    	22.019498	16.8983   	
13.054356	26.1881   	22.020609	16.9421   	
13.080690	26.1552   	22.021485	16.9859   	
13.106945	26.1222   	22.022128	17.0298   	
13.133121	26.0891   	22.022539	17.0738   	
13.159219	26.056    	22.022719	17.1178   	
13.185237	26.0229   	22.022669	17.1619   	
13.211175	25.9898   	22.022389	17.2061   	
13.237033	25.9565   	22.021880	17.2502   	
13.262811	25.9233   	22.021144	17.2945   	
13.288508	25.89     	22.020181	17.3388   	
13.314125	25.8567   	22.018992	17.3832   	
13.339660	25.8233   	22.017578	17.4276   	
13.365113	25.7899   	22.015939	17.4721   	
13.390485	25.7564   	22.014078	17.5166   	
13.415774	25.7229   	22.011994	17.5612   	
13.440981	25.6894   	22.009688	17.6058   	
13.466105	25.6558   	22.007162	17.6505   	
13.491146	25.6222   	22.004416	17.6952   	
13.516103	25.5885   	22.001451	17.74     	
13.540977	25.5549   	21.998269	17.7848   	
13.565766	25.5211   	21.994868	17.8297   	
13.590471	25.4874   	21.991252	17.8747   	
13.615091	25.4536   	21.987420	17.9197   	
13.639626	25.4197   	21.983374	17.9647   	
13.664076	25.3858   	21.979113	18.0098   	
13.688440	25.3519   	21.974640	18.0549   	
13.712718	25.318    	21.969955	18.1001   	
13.736909	25.284    	21.965058	18.1453   	
13.761014	25.25     	21.959951	18.1906   	
13.785032	25.2159   	21.954635	18.236    	
13.808962	25.1818   	21.949110	18.2813   	
13.832805	25.1477   	21.943377	18.3267   	
13.856560	25.1135   	21.937437	18.3722   	
13.880226	25.0793   	21.931290	18.4177   	
13.903803	25.0451   	21.924938	18.4633   	
13.927292	25.0108   	21.918382	18.5089   	
13.950691	24.9765   	21.911622	18.5545   	
13.974001	24.9422   	21.904659	18.6002   	
13.997220	24.9078   	21.897494	18.6459   	
14.020349	24.8735   	21.890128	18.6917   	
14.043387	24.839    	21.882561	18.7375   	
14.066335	24.8046   	21.874795	18.7834   	
14.089190	24.7701   	21.866829	18.8293   	
14.111955	24.7356   	21.858666	18.8752   	
14.134627	24.701    	21.850305	18.9212   	
14.157206	24.6665   	21.841748	18.9672   	
14.179693	24.6319   	21.832995	19.0132   	
14.202087	24.5972   	21.824047	19.0593   	
14.224387	24.5626   	21.814906	19.1054   	
14.246594	24.5279   	21.805571	19.1516   	
14.268706	24.4932   	21.796043	19.1978   	
14.290724	24.4584   	21.786324	19.2441   	
14.312647	24.4236   	21.776413	19.2903   	
14.334475	24.3888   	21.766313	19.3367   	
14.356207	24.354    	21.756023	19.383    	
14.377844	24.3192   	21.745545	19.4294   	
14.399384	24.2843   	21.734878	19.4758   	
14.420827	24.2494   	21.724025	19.5223   	
14.442174	24.2144   	21.712985	19.5687   	
14.463423	24.1795   	21.701760	19.6153   	
14.484575	24.1445   	21.690350	19.6618   	
14.505629	24.1095   	21.678755	19.7084   	
14.526584	24.0745   	21.666978	19.755    	
14.547441	24.0394   	21.655018	19.8017   	
14.568198	24.0044   	21.642876	19.8483   	
14.588856	23.9693   	21.630553	19.895    	
14.609414	23.9341   	21.618050	19.9418   	
14.629873	23.899    	21.605367	19.9885   	
14.650230	23.8638   	21.592506	20.0353   	
14.670487	23.8287   	21.579466	20.0822   	
14.690642	23.7935   	21.566249	20.129    	
14.710696	23.7582   	21.552855	20.1759   	
14.730648	23.723    	21.539286	20.2228   	
14.750497	23.6877   	21.525541	20.2697   	
14.770244	23.6524   	21.511622	20.3167   	
14.789887	23.6171   	21.497529	20.3637   	
14.809428	23.5818   	21.483263	20.4107   	
14.828864	23.5465   	21.468825	20.4577   	
14.848196	23.5111   	21.454215	20.5048   	
14.867424	23.4757   	21.439434	20.5519   	
14.886546	23.4403   	21.424483	20.599    	
14.905563	23.4049   	21.409363	20.6461   	
14.924475	23.3695   	21.394074	20.6933   	
14.943281	23.334    	21.378616	20.7405   	
14.961980	23.2986   	21.362992	20.7877   	
14.980572	23.2631   	21.347200	20.8349   	
14.999057	23.2276   	21.331243	20.8821   	
15.017434	23.1921   	21.315121	20.9294   	
15.035704	23.1566   	21.298833	20.9767   	
15.053865	23.121    	21.282382	21.024    	
15.071917	23.0855   	21.265768	21.0713   	
15.089860	23.0499   	21.248991	21.1186   	
15.107694	23.0143   	21.232052	21.166    	
15.125418	22.9787   	21.214952	21.2133   	
15.143032	22.9431   	21.197691	21.2607   	
15.160535	22.9075   	21.180271	21.3081   	
15.177927	22.8719   	21.162691	21.3555   	
15.195207	22.8362   	21.144953	21.403    	
15.212376	22.8006   	21.127057	21.4504   	
15.229432	22.7649   	21.109003	21.4979   	
15.246376	22.7292   	21.090793	21.5454   	
15.263207	22.6935   	21.072427	21.5929   	
15.279924	22.6578   	21.053906	21.6404   	
15.296528	22.6221   	21.035230	21.6879   	
15.313018	22.5864   	21.016400	21.7354   	
15.329393	22.5507   	20.997417	21.783    	
15.345653	22.515    	20.978282	21.8305   	
15.361797	22.4792   	20.958994	21.8781   	
15.377826	22.4435   	20.939554	21.9257   	
15.393739	22.4077   	20.919964	21.9732   	
15.409535	22.372    	20.900224	22.0208   	
15.425214	22.3362   	20.880334	22.0684   	
15.440776	22.3004   	20.860296	22.1161   	
15.456220	22.2646   	20.840109	22.1637   	
15.471546	22.2289   	20.819774	22.2113   	
15.486753	22.1931   	20.799293	22.2589   	
15.501841	22.1573   	20.778665	22.3066   	
15.516810	22.1215   	20.757891	22.3542   	
15.531659	22.0857   	20.736972	22.4019   	
15.546388	22.0498   	20.715908	22.4495   	
15.560997	22.014    	20.694701	22.4972   	
15.575484	21.9782   	20.673350	22.5449   	
15.589850	21.9424   	20.651856	22.5925   	
15.604094	21.9066   	20.630221	22.6402   	
15.618216	21.8708   	20.608443	22.6879   	
15.632215	21.8349   	20.586525	22.7356   	
15.646091	21.7991   	20.564466	22.7832   	
15.659843	21.7633   	20.542268	22.8309   	
15.673472	21.7274   	20.519930	22.8786   	
15.686976	21.6916   	20.497454	22.9263   	
15.700356	21.6558   	20.474840	22.974    	
15.713610	21.62     	20.452088	23.0217   	
15.726739	21.5841   	20.429200	23.0693   	
15.739742	21.5483   	20.406175	23.117    	
15.752618	21.5125   	20.383014	23.1647   	
15.765368	21.4766   	20.359719	23.2124   	
15.777990	21.4408   	20.336288	23.2601   	
15.790485	21.405    	20.312724	23.3077   	
15.802851	21.3692   	20.289027	23.3554   	
15.815089	21.3334   	20.265196	23.4031   	
15.827198	21.2976   	20.241233	23.4507   	
15.839178	21.2618   	20.217139	23.4984   	
15.851027	21.226    	20.192913	23.546    	
15.862747	21.1902   	20.168557	23.5936   	
15.874336	21.1544   	20.144071	23.6413   	
15.885793	21.1186   	20.119455	23.6889   	
15.897120	21.0828   	20.094710	23.7365   	
15.908314	21.047    	20.069837	23.7841   	
15.919376	21.0113   	20.044836	23.8317   	
15.930305	20.9755   	20.019707	23.8793   	
15.941101	20.9397   	19.994452	23.9269   	
15.951763	20.904    	19.969070	23.9745   	
15.962291	20.8683   	19.943563	24.0221   	
15.972684	20.8325   	19.917931	24.0696   	
15.982942	20.7968   	19.892174	24.1172   	
15.993065	20.7611   	19.866292	24.1647   	
16.003052	20.7254   	19.840288	24.2122   	
16.012903	20.6897   	19.814160	24.2597   	
16.022617	20.654    	19.787909	24.3072   	
16.032194	20.6183   	19.761537	24.3547   	
16.041633	20.5827   	19.735043	24.4022   	
16.050934	20.547    	19.708428	24.4496   	
16.060097	20.5114   	19.681693	24.497    	
16.069120	20.4757   	19.654837	24.5445   	
16.078004	20.4401   	19.627863	24.5919   	
16.086749	20.4045   	19.600769	24.6393   	
16.095353	20.3689   	19.573557	24.6866   	
16.103816	20.3333   	19.546227	24.734    	
16.112138	20.2978   	19.518779	24.7813   	
16.120319	20.2622   	19.491215	24.8286   	
16.128357	20.2267   	19.463534	24.8759   	
16.136253	20.1911   	19.435737	24.9232   	
16.144006	20.1556   	19.407825	24.9705   	
16.151615	20.1201   	19.379798	25.0177   	
16.159081	20.0847   	19.351656	25.0649   	
16.166402	20.0492   	19.323401	25.1121   	
16.173579	20.0137   	19.295032	25.1593   	
16.180610	19.9783   	19.266550	25.2065   	
16.187495	19.9429   	19.237955	25.2536   	
16.194235	19.9075   	19.209249	25.3007   	
16.200828	19.8721   	19.180431	25.3478   	
16.207273	19.8368   	19.151502	25.3948   	
16.213572	19.8014   	19.122462	25.4419   	
16.219722	19.7661   	19.093312	25.4889   	
16.225724	19.7308   	19.064053	25.5359   	
16.231577	19.6955   	19.034684	25.5828   	
16.237280	19.6602   	19.005207	25.6298   	
16.242834	19.625    	18.975622	25.6767   	
16.248238	19.5898   	18.945928	25.7236   	
16.253491	19.5546   	18.916128	25.7704   	
16.258593	19.5194   	18.886220	25.8172   	
16.263543	19.4842   	18.856207	25.864    	
16.268341	19.4491   	18.826087	25.9108   	
16.272986	19.414    	18.795862	25.9575   	
16.277479	19.3789   	18.765532	26.0042   	
16.281818	19.3438   	18.735097	26.0509   	
16.286003	19.3087   	18.704558	26.0976   	
16.290034	19.2737   	18.673916	26.1442   	
16.293910	19.2387   	18.643170	26.1908   	
16.297630	19.2037   	18.612321	26.2373   	
16.301195	19.1688   	18.581371	26.2838   	
16.304604	19.1338   	18.550318	26.3303   	
16.307855	19.0989   	18.519164	26.3768   	
16.310950	19.0641   	18.487909	26.4232   	
16.313887	19.0292   	18.456553	26.4696   	
16.316666	18.9944   	18.425097	26.5159   	
16.319286	18.9596   	18.393542	26.5622   	
16.321747	18.9248   	18.361887	26.6085   	
16.324049	18.8901   	18.330133	26.6548   	
16.326191	18.8553   	18.298281	26.701    	
16.328172	18.8207   	18.266331	26.7471   	
16.329993	18.786    	18.234283	26.7933   	
16.331652	18.7514   	18.202139	26.8394   	
16.333149	18.7168   	18.169897	26.8854   	
16.334484	18.6822   	18.137560	26.9314   	
16.335656	18.6476   	18.105126	26.9774   	
16.336665	18.6131   	18.072597	27.0233   	
16.337510	18.5786   	18.039973	27.0692   	
16.338191	18.5442   	18.007254	27.1151   	
16.338708	18.5098   	17.974441	27.1609   	
16.339059	18.4754   	17.941534	27.2067   	
16.339245	18.441    	17.908534	27.2524   	
16.339264	18.4067   	17.875441	27.2981   	
16.339117	18.3724   	17.842255	27.3437   	
16.338803	18.3381   	17.808977	27.3893   	
16.338322	18.3039   	17.775607	27.4349   	
16.337672	18.2697   	17.742146	27.4804   	
16.336855	18.2355   	17.708594	27.5258   	
16.335868	18.2014   	17.674951	27.5713   	
16.334712	18.1673   	17.641218	27.6166   	
16.333386	18.1333   	17.607395	27.662    	
16.331890	18.0992   	17.573483	27.7072   	
16.330223	18.0653   	17.539482	27.7525   	
16.328385	18.0313   	17.505392	27.7976   	
16.326375	17.9974   	17.471214	27.8428   	
16.324193	17.9635   	17.436949	27.8879   	
16.321839	17.9297   	17.402595	27.9329   	
16.319311	17.8959   	17.368155	27.9779   	
16.316610	17.8621   	17.333628	28.0228   	
16.313735	17.8284   	17.299014	28.0677   	
16.310685	17.7947   	17.264315	28.1126   	
16.307460	17.761    	17.229530	28.1574   	
16.304060	17.7274   	17.194660	28.2021   	
16.300483	17.6938   	17.159705	28.2468   	
16.296731	17.6603   	17.124666	28.2914   	
16.292802	17.6268   	17.089542	28.336    	
16.288695	17.5933   	17.054335	28.3805   	
16.284410	17.5599   	17.019045	28.425    	
16.279948	17.5266   	16.983671	28.4694   	
16.275306	17.4932   	16.948215	28.5138   	
16.270485	17.4599   	16.912677	28.5581   	
16.265485	17.4267   	16.877057	28.6023   	
16.260305	17.3935   	16.841355	28.6465   	
16.254944	17.3603   	16.805573	28.6907   	
16.249402	17.3272   	16.769709	28.7348   	
16.243678	17.2941   	16.733765	28.7788   	
16.237773	17.2611   	16.697741	28.8227   	
16.231685	17.2281   	16.661638	28.8667   	
16.225414	17.1951   	16.625455	28.9105   	
16.218959	17.1622   	16.589193	28.9543   	
16.212321	17.1294   	16.552852	28.998    	
16.205499	17.0965   	16.516433	29.0417   	
16.198492	17.0638   	16.479936	29.0853   	
16.191300	17.031    	16.443362	29.1289   	
16.183922	16.9984   	16.406710	29.1724   	
16.176358	16.9657   	16.369981	29.2158   	
16.168607	16.9331   	16.333176	29.2591   	
16.160670	16.9006   	16.296294	29.3025   	
16.152545	16.8681   	16.259337	29.3457   	
16.144232	16.8357   	16.222304	29.3889   	
16.135730	16.8033   	16.185196	29.432    	
16.127040	16.7709   	16.148013	29.475    	
16.118161	16.7386   	16.110756	29.518    	
16.109091	16.7064   	16.073424	29.5609   	
16.099832	16.6742   	16.036018	29.6038   	
16.090382	16.642    	15.998539	29.6466   	
16.080741	16.6099   	15.960987	29.6893   	
16.070908	16.5779   	15.923362	29.732    	
16.060883	16.5459   	15.885664	29.7745   	
16.050666	16.5139   	15.847894	29.8171   	
16.040256	16.482    	15.810052	29.8595   	
16.029653	16.4502   	15.772139	29.9019   	
16.018856	16.4184   	15.734154	29.9442   	
16.007865	16.3866   	15.696099	29.9865   	
15.996679	16.355    	15.657973	30.0286   	
15.985298	16.3233   	15.619776	30.0707   	
15.973721	16.2917   	15.581510	30.1128   	
15.961949	16.2602   	15.543174	30.1547   	
15.949980	16.2287   	15.504769	30.1966   	
15.937815	16.1973   	15.466294	30.2385   	
15.925452	16.1659   	15.427751	30.2802   	
15.912892	16.1346   	15.389140	30.3219   	
15.900133	16.1034   	15.350460	30.3635   	
15.887176	16.0721   	15.311713	30.405    	
15.874020	16.041    	15.272899	30.4465   	
15.860665	16.0099   	15.234017	30.4879   	
15.847110	15.9789   	15.195068	30.5292   	
15.833354	15.9479   	15.156053	30.5704   	
15.819398	15.917    	15.116972	30.6116   	
15.805241	15.8861   	15.077824	30.6526   	
15.790883	15.8553   	15.038612	30.6936   	
15.776323	15.8245   	14.999333	30.7346   	
15.761560	15.7938   	14.959990	30.7754   	
15.746595	15.7632   	14.920582	30.8162   	
15.731426	15.7326   	14.881110	30.8569   	
15.716055	15.7021   	14.841574	30.8975   	
15.700479	15.6716   	14.801973	30.9381   	
15.684699	15.6412   	14.762310	30.9785   	
15.668714	15.6109   	14.722583	31.0189   	
15.652524	15.5806   	14.682793	31.0592   	
15.636129	15.5504   	14.642940	31.0994   	
15.619528	15.5202   	14.603025	31.1396   	
15.602720	15.4901   	14.563048	31.1796   	
15.585706	15.4601   	14.523010	31.2196   	
15.568485	15.4301   	14.482910	31.2595   	
15.551056	15.4002   	14.442748	31.2993   	
15.533420	15.3703   	14.402526	31.339    	
15.515575	15.3405   	14.362243	31.3787   	
15.497522	15.3108   	14.321900	31.4182   	
15.479260	15.2812   	14.281497	31.4577   	
15.460788	15.2516   	14.241034	31.4971   	
15.442107	15.222    	14.200511	31.5364   	
15.423216	15.1925   	14.159929	31.5757   	
15.404114	15.1631   	14.119289	31.6148   	
15.384802	15.1338   	14.078590	31.6539   	
15.365278	15.1045   	14.037832	31.6928   	
15.345543	15.0753   	13.997016	31.7317   	
15.325596	15.0461   	13.956143	31.7705   	
15.305437	15.017    	13.915212	31.8092   	
15.285065	14.988    	13.874223	31.8478   	
15.264481	14.9591   	13.833178	31.8864   	
15.243683	14.9302   	13.792076	31.9248   	
15.222672	14.9014   	13.750917	31.9632   	
15.201447	14.8726   	13.709703	32.0014   	
15.180007	14.8439   	13.668432	32.0396   	
15.158353	14.8153   	13.627106	32.0777   	
15.136484	14.7868   	13.585724	32.1157   	
15.114400	14.7583   	13.544287	32.1536   	
15.092100	14.7299   	13.502796	32.1914   	
15.069585	14.7015   	13.461250	32.2291   	
15.046853	14.6732   	13.419649	32.2668   	
15.023905	14.645    	13.377995	32.3043   	
15.000740	14.6169   	13.336287	32.3418   	
14.977358	14.5888   	13.294525	32.3791   	
14.953759	14.5608   	13.252710	32.4164   	
14.929942	14.5329   	13.210842	32.4535   	
14.905907	14.5051   	13.168921	32.4906   	
14.881654	14.4773   	13.126947	32.5276   	
14.857182	14.4496   	13.084922	32.5645   	
14.832491	14.4219   	13.042844	32.6013   	
14.807582	14.3943   	13.000715	32.638    	
14.782453	14.3668   	12.958534	32.6746   	
14.757104	14.3394   	12.916302	32.7111   	
14.731535	14.3121   	12.874020	32.7475   	
14.705747	14.2848   	12.831686	32.7838   	
14.679737	14.2576   	12.789302	32.82     	
14.653508	14.2304   	12.746868	32.8561   	
14.627057	14.2034   	12.704383	32.8921   	
14.600385	14.1764   	12.661849	32.928    	
14.573492	14.1495   	12.619266	32.9638   	
14.546377	14.1226   	12.576633	32.9996   	
14.519040	14.0959   	12.533952	33.0352   	
14.491481	14.0692   	12.491221	33.0707   	
14.463700	14.0426   	12.448443	33.1061   	
14.435696	14.016    	12.405616	33.1414   	
14.407470	13.9896   	12.362741	33.1767   	
14.379021	13.9632   	12.319818	33.2118   	
14.350348	13.9369   	12.276848	33.2468   	
14.321452	13.9106   	12.233830	33.2817   	
14.292333	13.8845   	12.190765	33.3165   	
14.262990	13.8584   	12.147654	33.3512   	
14.233423	13.8324   	12.104496	33.3858   	
14.203631	13.8065   	12.061292	33.4203   	
14.173616	13.7806   	12.018042	33.4547   	
14.143376	13.7549   	11.974746	33.489    	
14.112912	13.7292   	11.931404	33.5232   	
14.082222	13.7036   	11.888017	33.5573   	
14.051308	13.678    	11.844585	33.5913   	
14.020169	13.6526   	11.801107	33.6252   	
13.988805	13.6272   	11.757586	33.6589   	
13.957215	13.6019   	11.714019	33.6926   	
13.925400	13.5767   	11.670409	33.7262   	
13.893359	13.5515   	11.626755	33.7596   	
13.861092	13.5265   	11.583057	33.7929   	
13.828600	13.5015   	11.539315	33.8262   	
13.795881	13.4766   	11.495530	33.8593   	
13.762937	13.4518   	11.451702	33.8923   	
13.729767	13.4271   	11.407831	33.9253   	
13.696370	13.4024   	11.363918	33.9581   	
13.662747	13.3779   	11.319962	33.9908   	
13.628897	13.3534   	11.275964	34.0233   	
13.594821	13.329    	11.231924	34.0558   	
13.560519	13.3046   	11.187843	34.0882   	
13.525990	13.2804   	11.143720	34.1204   	
13.491234	13.2563   	11.099555	34.1526   	
13.456251	13.2322   	11.055350	34.1846   	
13.421042	13.2082   	11.011104	34.2166   	
13.385606	13.1843   	10.966817	34.2484   	
13.349943	13.1605   	10.922490	34.2801   	
13.314053	13.1367   	10.878123	34.3117   	
13.277937	13.1131   	10.833716	34.3431   	
13.241593	13.0895   	10.789269	34.3745   	
13.205023	13.066    	10.744782	34.4058   	
13.168226	13.0426   	10.700257	34.4369   	
13.131202	13.0193   	10.655692	34.4679   	
13.093951	12.9961   	10.611088	34.4988   	
13.056473	12.973    	10.566446	34.5296   	
13.018769	12.9499   	10.521765	34.5603   	
12.980837	12.9269   	10.477046	34.5909   	
12.942679	12.904    	10.432290	34.6213   	
12.904295	12.8813   	10.387495	34.6517   	
12.865683	12.8585   	10.342663	34.6819   	
12.826845	12.8359   	10.297793	34.712    	
12.787781	12.8134   	10.252886	34.742    	
12.748490	12.7909   	10.207943	34.7719   	
12.708973	12.7686   	10.162962	34.8016   	
12.669230	12.7463   	10.117945	34.8312   	
12.629261	12.7241   	10.072892	34.8608   	
12.589066	12.702    	10.027803	34.8902   	
12.548644	12.68     	9.982678	34.9195   	
12.507998	12.6581   	9.937517	34.9486   	
12.467125	12.6363   	9.892320	34.9777   	
12.426027	12.6146   	9.847089	35.0066   	
12.384704	12.5929   	9.801822	35.0354   	
12.343155	12.5714   	9.756521	35.0641   	
12.301381	12.5499   	9.711184	35.0927   	
12.259383	12.5285   	9.665814	35.1211   	
12.217160	12.5072   	9.620409	35.1494   	
12.174712	12.486    	9.574970	35.1777   	
12.132041	12.4649   	9.529497	35.2057   	
12.089145	12.4439   	9.483990	35.2337   	
12.046025	12.423    	9.438450	35.2616   	
12.002682	12.4022   	9.392877	35.2893   	
11.959115	12.3814   	9.347271	35.3169   	
11.915325	12.3608   	9.301632	35.3444   	
11.871312	12.3402   	9.255960	35.3717   	
11.827076	12.3197   	9.210256	35.399    	
11.782618	12.2994   	9.164519	35.4261   	
11.737938	12.2791   	9.118751	35.4531   	
11.693036	12.2589   	9.072950	35.4799   	
11.647913	12.2388   	9.027118	35.5067   	
11.602568	12.2188   	8.981255	35.5333   	
11.557002	12.1989   	8.935360	35.5598   	
11.511216	12.1791   	8.889434	35.5861   	
11.465209	12.1594   	8.843477	35.6124   	
11.418982	12.1398   	8.797490	35.6385   	
11.372536	12.1202   	8.751472	35.6645   	
11.325870	12.1008   	8.705424	35.6904   	
11.278985	12.0815   	8.659345	35.7161   	
11.231882	12.0622   	8.613237	35.7417   	
11.184561	12.0431   	8.567099	35.7672   	
11.137022	12.024    	8.520932	35.7926   	
11.089265	12.005    	8.474735	35.8178   	
11.041291	11.9862   	8.428509	35.8429   	
10.993101	11.9674   	8.382254	35.8679   	
10.944695	11.9487   	8.335970	35.8927   	
10.896073	11.9302   	8.289658	35.9174   	
10.847235	11.9117   	8.243317	35.942    	
10.798183	11.8933   	8.196948	35.9665   	
10.748916	11.875    	8.150551	35.9908   	
10.699436	11.8568   	8.104126	36.015    	
10.649742	11.8387   	8.057674	36.0391   	
10.599835	11.8207   	8.011194	36.0631   	
10.549716	11.8028   	7.964687	36.0869   	
10.499384	11.785    	7.918152	36.1106   	
10.448842	11.7673   	7.871591	36.1341   	
10.398088	11.7497   	7.825003	36.1576   	
10.347124	11.7322   	7.778389	36.1809   	
10.295951	11.7148   	7.731748	36.204    	
10.244568	11.6975   	7.685081	36.2271   	
10.192977	11.6803   	7.638388	36.25     	
10.141177	11.6632   	7.591669	36.2728   	
10.089170	11.6462   	7.544925	36.2954   	
10.036956	11.6292   	7.498155	36.3179   	
9.984536	11.6124   	7.451360	36.3403   	
9.931910	11.5957   	7.404540	36.3625   	
9.879079	11.5791   	7.357695	36.3847   	
9.826044	11.5626   	7.310825	36.4066   	
9.772805	11.5462   	7.263931	36.4285   	
9.719363	11.5298   	7.217012	36.4502   	
9.665718	11.5136   	7.170069	36.4718   	
9.611872	11.4975   	7.123102	36.4932   	
9.557825	11.4815   	7.076111	36.5145   	
9.503577	11.4656   	7.029097	36.5357   	
9.449130	11.4498   	6.982059	36.5568   	
9.394484	11.4341   	6.934998	36.5777   	
9.339640	11.4184   	6.887914	36.5985   	
9.284598	11.4029   	6.840807	36.6191   	
9.229359	11.3875   	6.793677	36.6396   	
9.173925	11.3722   	6.746525	36.66     	
9.118296	11.357    	6.699350	36.6802   	
9.062472	11.3419   	6.652153	36.7003   	
9.006454	11.3269   	6.604934	36.7203   	
8.950244	11.312    	6.557692	36.7401   	
8.893842	11.2972   	6.510430	36.7598   	
8.837249	11.2825   	6.463145	36.7793   	
8.780465	11.2679   	6.415840	36.7988   	
8.723492	11.2535   	6.368513	36.818    	
8.666330	11.2391   	6.321165	36.8372   	
8.608981	11.2248   	6.273796	36.8562   	
8.551445	11.2106   	6.226407	36.8751   	
8.493722	11.1965   	6.178997	36.8938   	
8.435815	11.1826   	6.131567	36.9124   	
8.377724	11.1687   	6.084117	36.9308   	
8.319449	11.1549   	6.036646	36.9492   	
8.260992	11.1413   	5.989156	36.9673   	
8.202353	11.1277   	5.941647	36.9854   	
8.143535	11.1143   	5.894117	37.0033   	
8.084536	11.1009   	5.846569	37.021    	
8.025359	11.0877   	5.799001	37.0387   	
7.966005	11.0745   	5.751415	37.0561   	
7.906474	11.0615   	5.703809	37.0735   	
7.846768	11.0486   	5.656185	37.0907   	
7.786887	11.0358   	5.608543	37.1078   	
7.726832	11.023    	5.560882	37.1247   	
7.666605	11.0104   	5.513203	37.1415   	
7.606207	10.9979   	5.465506	37.1581   	
7.545638	10.9855   	5.417791	37.1746   	
7.484900	10.9732   	5.370059	37.191    	
7.423993	10.961    	5.322309	37.2072   	
7.362920	10.949    	5.274542	37.2233   	
7.301680	10.937    	5.226758	37.2392   	
7.240276	10.9251   	5.178957	37.255    	
7.178707	10.9133   	5.131139	37.2707   	
7.116976	10.9017   	5.083305	37.2862   	
7.055083	10.8901   	5.035454	37.3016   	
6.993030	10.8787   	4.987587	37.3168   	
6.930818	10.8673   	4.939703	37.3319   	
6.868447	10.8561   	4.891804	37.3468   	
6.805919	10.845    	4.843889	37.3617   	
6.743236	10.834    	4.795958	37.3763   	
6.680398	10.8231   	4.748012	37.3908   	
6.617406	10.8123   	4.700051	37.4052   	
6.554262	10.8016   	4.652074	37.4195   	
6.490968	10.791    	4.604082	37.4335   	
6.427523	10.7805   	4.556076	37.4475   	
6.363931	10.7701   	4.508055	37.4613   	
6.300191	10.7598   	4.460019	37.475    	
6.236304	10.7497   	4.411969	37.4885   	
6.172274	10.7396   	4.363905	37.5019   	
6.108099	10.7297   	4.315827	37.5151   	
6.043783	10.7199   	4.267735	37.5282   	
5.979326	10.7101   	4.219630	37.5411   	
5.914729	10.7005   	4.171511	37.5539   	
5.849994	10.691    	4.123378	37.5666   	
5.785122	10.6816   	4.075233	37.5791   	
5.720115	10.6723   	4.027074	37.5915   	
5.654973	10.6631   	3.978902	37.6037   	
5.589698	10.6541   	3.930718	37.6157   	
5.524292	10.6451   	3.882521	37.6277   	
5.458756	10.6362   	3.834312	37.6395   	
5.393091	10.6275   	3.786091	37.6511   	
5.327298	10.6189   	3.737857	37.6626   	
5.261380	10.6103   	3.689612	37.674    	
5.195337	10.6019   	3.641354	37.6852   	
5.129171	10.5936   	3.593086	37.6962   	
5.062883	10.5854   	3.544805	37.7071   	
4.996475	10.5773   	3.496514	37.7179   	
4.929948	10.5693   	3.448211	37.7285   	
4.863303	10.5615   	3.399898	37.739    	
4.796543	10.5537   	3.351573	37.7493   	
4.729668	10.546    	3.303238	37.7595   	
4.662679	10.5385   	3.254893	37.7695   	
4.595580	10.5311   	3.206537	37.7794   	
4.528370	10.5238   	3.158171	37.7892   	
4.461052	10.5165   	3.109794	37.7988   	
4.393626	10.5094   	3.061409	37.8082   	
4.326095	10.5025   	3.013013	37.8175   	
4.258460	10.4956   	2.964608	37.8267   	
4.190722	10.4888   	2.916193	37.8357   	
4.122884	10.4821   	2.867769	37.8445   	
4.054946	10.4756   	2.819336	37.8533   	
3.986910	10.4692   	2.770895	37.8618   	
3.918777	10.4628   	2.722444	37.8702   	
3.850550	10.4566   	2.673985	37.8785   	
3.782229	10.4505   	2.625517	37.8866   	
3.713817	10.4445   	2.577041	37.8946   	
3.645315	10.4386   	2.528557	37.9024   	
3.576724	10.4329   	2.480065	37.9101   	
3.508046	10.4272   	2.431565	37.9177   	
3.439283	10.4217   	2.383058	37.925    	
3.370436	10.4162   	2.334543	37.9323   	
3.301507	10.4109   	2.286020	37.9394   	
3.232498	10.4057   	2.237491	37.9463   	
3.163409	10.4006   	2.188954	37.9531   	
3.094244	10.3956   	2.140410	37.9598   	
3.025002	10.3907   	2.091860	37.9662   	
2.955687	10.3859   	2.043303	37.9726   	
2.886299	10.3813   	1.994740	37.9788   	
2.816841	10.3767   	1.946170	37.9848   	
2.747314	10.3723   	1.897594	37.9907   	
2.677719	10.368    	1.849013	37.9965   	
2.608059	10.3638   	1.800425	38.0021   	
2.538334	10.3597   	1.751832	38.0076   	
2.468547	10.3557   	1.703233	38.0129   	
2.398700	10.3518   	1.654629	38.018    	
2.328793	10.348    	1.606020	38.023    	
2.258830	10.3444   	1.557406	38.0279   	
2.188810	10.3408   	1.508786	38.0326   	
2.118737	10.3374   	1.460162	38.0372   	
2.048611	10.3341   	1.411534	38.0416   	
1.978435	10.3309   	1.362901	38.0458   	
1.908210	10.3278   	1.314264	38.05     	
1.837938	10.3248   	1.265622	38.0539   	
1.767620	10.322    	1.216977	38.0577   	
1.697259	10.3192   	1.168328	38.0614   	
1.626856	10.3166   	1.119675	38.0649   	
1.556412	10.314    	1.071019	38.0683   	
1.485930	10.3116   	1.022359	38.0715   	
1.415412	10.3093   	0.973696	38.0746   	
1.344858	10.3071   	0.925030	38.0775   	
1.274271	10.305    	0.876361	38.0803   	
1.203652	10.3031   	0.827690	38.0829   	
1.133004	10.3012   	0.779015	38.0854   	
1.062327	10.2995   	0.730339	38.0877   	
0.991625	10.2978   	0.681660	38.0899   	
0.920897	10.2963   	0.632979	38.0919   	
0.850147	10.2949   	0.584296	38.0937   	
0.779375	10.2936   	0.535611	38.0955   	
0.708585	10.2924   	0.486924	38.097    	
0.637776	10.2914   	0.438236	38.0985   	
0.566952	10.2904   	0.389547	38.0997   	
0.496114	10.2896   	0.340856	38.1009   	
0.425263	10.2888   	0.292164	38.1018   	
0.354402	10.2882   	0.243472	38.1027   	
0.283532	10.2877   	0.194778	38.1033   	
0.212656	10.2873   	0.146084	38.1039   	
0.141773	10.287    	0.097390	38.1042   	
0.070888	10.2869   	0.048695	38.1045   	
0.000000	10.2868   	0.000000	38.1045   	
