! Reaction's Kinematics:  Alab & Elab
! 12C + 2H -> 8Be + 6Li     or    2H(12C,8Be)6Li;       Reaction at the "middle" of the target
! Projectile Energy at the reaction place:  27.40 MeV/u;      Grazing angle:  CMS = 1.52 deg;    Lab = 0.37 deg
! Q reaction : -8.92 MeV  (Excitations 0.0+0.0 -> 3.0+0.0);     Plotted Energy option is "after reaction"
Angle  [Lab-deg]1	Fragment - 8Be	Angle  [Lab-deg]2	Residual - 6Li	
0.000000	35.019    	0.000000	6.57298   	
0.043173	35.0189   	0.133653	6.57307   	
0.086346	35.0187   	0.267300	6.57332   	
0.129518	35.0184   	0.400935	6.57374   	
0.172690	35.0179   	0.534553	6.57434   	
0.215861	35.0174   	0.668148	6.5751    	
0.259032	35.0167   	0.801714	6.57603   	
0.302201	35.0158   	0.935246	6.57713   	
0.345370	35.0149   	1.068737	6.5784    	
0.388537	35.0138   	1.202182	6.57984   	
0.431702	35.0126   	1.335575	6.58145   	
0.474866	35.0113   	1.468910	6.58323   	
0.518029	35.0098   	1.602183	6.58517   	
0.561189	35.0082   	1.735386	6.58729   	
0.604347	35.0065   	1.868514	6.58958   	
0.647503	35.0046   	2.001562	6.59203   	
0.690656	35.0027   	2.134524	6.59465   	
0.733807	35.0006   	2.267395	6.59745   	
0.776955	34.9984   	2.400167	6.60041   	
0.820101	34.996    	2.532837	6.60354   	
0.863243	34.9935   	2.665398	6.60684   	
0.906382	34.9909   	2.797845	6.61031   	
0.949517	34.9882   	2.930172	6.61395   	
0.992649	34.9853   	3.062374	6.61775   	
1.035777	34.9823   	3.194445	6.62173   	
1.078902	34.9792   	3.326379	6.62588   	
1.122022	34.976    	3.458171	6.63019   	
1.165138	34.9726   	3.589816	6.63467   	
1.208250	34.9691   	3.721308	6.63932   	
1.251357	34.9655   	3.852642	6.64414   	
1.294459	34.9617   	3.983812	6.64913   	
1.337557	34.9579   	4.114814	6.65429   	
1.380649	34.9539   	4.245640	6.65961   	
1.423736	34.9497   	4.376287	6.66511   	
1.466818	34.9455   	4.506749	6.67077   	
1.509895	34.9411   	4.637021	6.6766    	
1.552966	34.9366   	4.767097	6.6826    	
1.596030	34.932    	4.896973	6.68877   	
1.639089	34.9272   	5.026642	6.69511   	
1.682142	34.9223   	5.156101	6.70161   	
1.725189	34.9173   	5.285344	6.70828   	
1.768228	34.9122   	5.414365	6.71512   	
1.811262	34.9069   	5.543160	6.72213   	
1.854288	34.9015   	5.671724	6.72931   	
1.897307	34.896    	5.800052	6.73665   	
1.940320	34.8903   	5.928138	6.74416   	
1.983325	34.8846   	6.055979	6.75184   	
2.026322	34.8787   	6.183568	6.75969   	
2.069312	34.8726   	6.310902	6.7677    	
2.112294	34.8665   	6.437976	6.77588   	
2.155268	34.8602   	6.564784	6.78423   	
2.198234	34.8538   	6.691323	6.79275   	
2.241191	34.8473   	6.817586	6.80143   	
2.284141	34.8407   	6.943571	6.81028   	
2.327081	34.8339   	7.069272	6.8193    	
2.370013	34.827    	7.194684	6.82848   	
2.412935	34.82     	7.319804	6.83783   	
2.455849	34.8128   	7.444626	6.84735   	
2.498753	34.8055   	7.569147	6.85704   	
2.541648	34.7981   	7.693362	6.86689   	
2.584533	34.7906   	7.817266	6.87691   	
2.627409	34.7829   	7.940856	6.88709   	
2.670274	34.7752   	8.064127	6.89744   	
2.713130	34.7673   	8.187075	6.90796   	
2.755975	34.7592   	8.309695	6.91864   	
2.798809	34.7511   	8.431984	6.92949   	
2.841633	34.7428   	8.553938	6.9405    	
2.884446	34.7344   	8.675553	6.95168   	
2.927249	34.7259   	8.796824	6.96303   	
2.970040	34.7172   	8.917748	6.97454   	
3.012820	34.7085   	9.038321	6.98621   	
3.055588	34.6996   	9.158539	6.99806   	
3.098345	34.6905   	9.278398	7.01006   	
3.141090	34.6814   	9.397895	7.02223   	
3.183823	34.6721   	9.517026	7.03457   	
3.226544	34.6627   	9.635787	7.04707   	
3.269252	34.6532   	9.754175	7.05974   	
3.311948	34.6436   	9.872186	7.07257   	
3.354632	34.6338   	9.989817	7.08556   	
3.397303	34.6239   	10.107064	7.09872   	
3.439960	34.6139   	10.223924	7.11205   	
3.482605	34.6038   	10.340394	7.12554   	
3.525236	34.5935   	10.456470	7.13919   	
3.567854	34.5831   	10.572149	7.153     	
3.610458	34.5726   	10.687428	7.16698   	
3.653049	34.562    	10.802304	7.18112   	
3.695625	34.5513   	10.916773	7.19543   	
3.738187	34.5404   	11.030834	7.2099    	
3.780735	34.5294   	11.144482	7.22453   	
3.823269	34.5183   	11.257714	7.23932   	
3.865788	34.507    	11.370529	7.25428   	
3.908292	34.4957   	11.482923	7.2694    	
3.950781	34.4842   	11.594893	7.28469   	
3.993255	34.4726   	11.706436	7.30013   	
4.035713	34.4609   	11.817551	7.31574   	
4.078156	34.449    	11.928233	7.33151   	
4.120583	34.437    	12.038482	7.34744   	
4.162995	34.4249   	12.148293	7.36353   	
4.205390	34.4127   	12.257666	7.37979   	
4.247770	34.4004   	12.366596	7.3962    	
4.290132	34.3879   	12.475082	7.41278   	
4.332479	34.3754   	12.583122	7.42952   	
4.374808	34.3627   	12.690713	7.44642   	
4.417121	34.3498   	12.797853	7.46348   	
4.459417	34.3369   	12.904540	7.4807    	
4.501695	34.3239   	13.010772	7.49808   	
4.543956	34.3107   	13.116546	7.51562   	
4.586200	34.2974   	13.221861	7.53332   	
4.628425	34.2839   	13.326715	7.55118   	
4.670633	34.2704   	13.431105	7.5692    	
4.712823	34.2567   	13.535029	7.58738   	
4.754994	34.243    	13.638487	7.60572   	
4.797147	34.2291   	13.741476	7.62422   	
4.839282	34.2151   	13.843994	7.64287   	
4.881397	34.2009   	13.946040	7.66169   	
4.923494	34.1867   	14.047611	7.68067   	
4.965571	34.1723   	14.148707	7.6998    	
5.007629	34.1578   	14.249326	7.71909   	
5.049668	34.1432   	14.349467	7.73854   	
5.091687	34.1284   	14.449126	7.75815   	
5.133686	34.1136   	14.548305	7.77791   	
5.175665	34.0986   	14.647000	7.79783   	
5.217624	34.0835   	14.745211	7.81791   	
5.259562	34.0683   	14.842936	7.83815   	
5.301480	34.053    	14.940175	7.85854   	
5.343377	34.0376   	15.036925	7.87909   	
5.385253	34.022    	15.133186	7.8998    	
5.427108	34.0063   	15.228957	7.92066   	
5.468942	33.9905   	15.324236	7.94168   	
5.510754	33.9746   	15.419022	7.96286   	
5.552545	33.9586   	15.513315	7.98419   	
5.594314	33.9424   	15.607114	8.00568   	
5.636061	33.9262   	15.700417	8.02732   	
5.677786	33.9098   	15.793224	8.04911   	
5.719488	33.8933   	15.885534	8.07106   	
5.761168	33.8767   	15.977346	8.09317   	
5.802825	33.86     	16.068660	8.11543   	
5.844459	33.8431   	16.159474	8.13784   	
5.886070	33.8262   	16.249788	8.16041   	
5.927658	33.8091   	16.339601	8.18313   	
5.969223	33.7919   	16.428913	8.20601   	
6.010763	33.7746   	16.517724	8.22904   	
6.052280	33.7572   	16.606032	8.25222   	
6.093773	33.7397   	16.693837	8.27555   	
6.135242	33.722    	16.781139	8.29904   	
6.176687	33.7043   	16.867938	8.32268   	
6.218107	33.6864   	16.954232	8.34647   	
6.259502	33.6684   	17.040023	8.37041   	
6.300872	33.6503   	17.125308	8.3945    	
6.342217	33.6321   	17.210089	8.41875   	
6.383537	33.6137   	17.294364	8.44315   	
6.424831	33.5953   	17.378134	8.46769   	
6.466100	33.5767   	17.461399	8.49239   	
6.507343	33.5581   	17.544158	8.51724   	
6.548560	33.5393   	17.626411	8.54224   	
6.589751	33.5204   	17.708159	8.56739   	
6.630915	33.5014   	17.789400	8.59269   	
6.672052	33.4822   	17.870136	8.61814   	
6.713163	33.463    	17.950366	8.64373   	
6.754247	33.4437   	18.030090	8.66948   	
6.795304	33.4242   	18.109309	8.69537   	
6.836333	33.4046   	18.188022	8.72142   	
6.877335	33.385    	18.266230	8.74761   	
6.918309	33.3652   	18.343933	8.77395   	
6.959256	33.3453   	18.421131	8.80043   	
7.000174	33.3253   	18.497824	8.82707   	
7.041064	33.3051   	18.574012	8.85385   	
7.081925	33.2849   	18.649696	8.88078   	
7.122758	33.2646   	18.724877	8.90785   	
7.163561	33.2441   	18.799554	8.93507   	
7.204336	33.2235   	18.873728	8.96244   	
7.245081	33.2029   	18.947399	8.98995   	
7.285797	33.1821   	19.020568	9.01761   	
7.326484	33.1612   	19.093235	9.04541   	
7.367140	33.1402   	19.165401	9.07336   	
7.407767	33.1191   	19.237066	9.10146   	
7.448363	33.0979   	19.308231	9.12969   	
7.488929	33.0765   	19.378896	9.15807   	
7.529464	33.0551   	19.449061	9.1866    	
7.569969	33.0336   	19.518729	9.21527   	
7.610442	33.0119   	19.587898	9.24408   	
7.650884	32.9902   	19.656570	9.27304   	
7.691295	32.9683   	19.724745	9.30213   	
7.731674	32.9463   	19.792424	9.33137   	
7.772022	32.9242   	19.859608	9.36076   	
7.812337	32.9021   	19.926297	9.39028   	
7.852620	32.8798   	19.992493	9.41995   	
7.892871	32.8574   	20.058196	9.44975   	
7.933089	32.8349   	20.123406	9.4797    	
7.973275	32.8123   	20.188125	9.50979   	
8.013427	32.7895   	20.252353	9.54002   	
8.053546	32.7667   	20.316092	9.57039   	
8.093632	32.7438   	20.379342	9.6009    	
8.133684	32.7208   	20.442104	9.63155   	
8.173703	32.6976   	20.504379	9.66233   	
8.213687	32.6744   	20.566167	9.69326   	
8.253637	32.6511   	20.627470	9.72432   	
8.293553	32.6276   	20.688289	9.75553   	
8.333435	32.6041   	20.748625	9.78687   	
8.373281	32.5804   	20.808479	9.81835   	
8.413092	32.5567   	20.867851	9.84996   	
8.452868	32.5328   	20.926742	9.88172   	
8.492609	32.5088   	20.985155	9.91361   	
8.532314	32.4848   	21.043089	9.94563   	
8.571983	32.4606   	21.100546	9.97779   	
8.611617	32.4363   	21.157527	10.0101   	
8.651214	32.412    	21.214033	10.0425   	
8.690774	32.3875   	21.270065	10.0751   	
8.730298	32.3629   	21.325624	10.1078   	
8.769785	32.3383   	21.380712	10.1406   	
8.809234	32.3135   	21.435329	10.1736   	
8.848647	32.2886   	21.489477	10.2067   	
8.888022	32.2636   	21.543156	10.24     	
8.927359	32.2386   	21.596368	10.2733   	
8.966659	32.2134   	21.649115	10.3068   	
9.005920	32.1881   	21.701397	10.3405   	
9.045142	32.1627   	21.753215	10.3742   	
9.084327	32.1373   	21.804571	10.4081   	
9.123472	32.1117   	21.855466	10.4422   	
9.162579	32.086    	21.905902	10.4763   	
9.201646	32.0602   	21.955879	10.5106   	
9.240674	32.0344   	22.005398	10.5451   	
9.279662	32.0084   	22.054462	10.5796   	
9.318610	31.9823   	22.103071	10.6143   	
9.357518	31.9562   	22.151226	10.6491   	
9.396386	31.9299   	22.198930	10.6841   	
9.435213	31.9036   	22.246182	10.7191   	
9.474000	31.8771   	22.292985	10.7543   	
9.512746	31.8506   	22.339340	10.7897   	
9.551450	31.8239   	22.385248	10.8251   	
9.590114	31.7972   	22.430711	10.8607   	
9.628735	31.7704   	22.475729	10.8964   	
9.667315	31.7434   	22.520305	10.9323   	
9.705852	31.7164   	22.564439	10.9682   	
9.744348	31.6893   	22.608132	11.0043   	
9.782801	31.6621   	22.651387	11.0405   	
9.821211	31.6348   	22.694205	11.0769   	
9.859578	31.6074   	22.736587	11.1133   	
9.897902	31.5799   	22.778534	11.1499   	
9.936183	31.5523   	22.820048	11.1866   	
9.974420	31.5246   	22.861130	11.2235   	
10.012613	31.4968   	22.901781	11.2604   	
10.050762	31.469    	22.942004	11.2975   	
10.088867	31.441    	22.981799	11.3347   	
10.126927	31.413    	23.021167	11.3721   	
10.164943	31.3848   	23.060111	11.4095   	
10.202914	31.3566   	23.098632	11.4471   	
10.240839	31.3283   	23.136730	11.4848   	
10.278719	31.2999   	23.174408	11.5226   	
10.316553	31.2714   	23.211667	11.5605   	
10.354342	31.2428   	23.248508	11.5986   	
10.392084	31.2141   	23.284933	11.6368   	
10.429780	31.1853   	23.320944	11.6751   	
10.467429	31.1564   	23.356541	11.7135   	
10.505031	31.1275   	23.391726	11.752    	
10.542587	31.0984   	23.426500	11.7907   	
10.580095	31.0693   	23.460866	11.8294   	
10.617555	31.0401   	23.494824	11.8683   	
10.654968	31.0108   	23.528376	11.9073   	
10.692333	30.9814   	23.561523	11.9464   	
10.729650	30.9519   	23.594268	11.9857   	
10.766918	30.9223   	23.626610	12.025    	
10.804137	30.8927   	23.658553	12.0645   	
10.841307	30.8629   	23.690096	12.1041   	
10.878429	30.8331   	23.721242	12.1438   	
10.915500	30.8032   	23.751993	12.1836   	
10.952522	30.7732   	23.782349	12.2235   	
10.989494	30.7431   	23.812312	12.2636   	
11.026416	30.7129   	23.841884	12.3037   	
11.063288	30.6827   	23.871066	12.344    	
11.100109	30.6523   	23.899859	12.3844   	
11.136879	30.6219   	23.928265	12.4249   	
11.173598	30.5914   	23.956286	12.4655   	
11.210265	30.5608   	23.983922	12.5062   	
11.246881	30.5301   	24.011176	12.547    	
11.283445	30.4994   	24.038049	12.5879   	
11.319957	30.4685   	24.064542	12.629    	
11.356416	30.4376   	24.090656	12.6701   	
11.392823	30.4066   	24.116394	12.7114   	
11.429177	30.3755   	24.141757	12.7528   	
11.465478	30.3444   	24.166746	12.7942   	
11.501726	30.3131   	24.191362	12.8358   	
11.537919	30.2818   	24.215608	12.8775   	
11.574059	30.2504   	24.239484	12.9193   	
11.610145	30.2189   	24.262992	12.9612   	
11.646177	30.1873   	24.286134	13.0033   	
11.682154	30.1556   	24.308910	13.0454   	
11.718075	30.1239   	24.331323	13.0876   	
11.753942	30.0921   	24.353374	13.1299   	
11.789754	30.0602   	24.375064	13.1724   	
11.825509	30.0283   	24.396395	13.2149   	
11.861209	29.9962   	24.417368	13.2576   	
11.896853	29.9641   	24.437984	13.3003   	
11.932440	29.9319   	24.458246	13.3432   	
11.967970	29.8996   	24.478154	13.3861   	
12.003444	29.8673   	24.497710	13.4292   	
12.038860	29.8348   	24.516916	13.4723   	
12.074218	29.8023   	24.535772	13.5156   	
12.109519	29.7698   	24.554280	13.5589   	
12.144762	29.7371   	24.572443	13.6024   	
12.179947	29.7044   	24.590260	13.646    	
12.215073	29.6716   	24.607734	13.6896   	
12.250140	29.6387   	24.624866	13.7334   	
12.285149	29.6057   	24.641658	13.7772   	
12.320097	29.5727   	24.658110	13.8212   	
12.354987	29.5396   	24.674224	13.8653   	
12.389816	29.5064   	24.690002	13.9094   	
12.424585	29.4732   	24.705445	13.9537   	
12.459294	29.4399   	24.720555	13.998    	
12.493942	29.4065   	24.735332	14.0424   	
12.528529	29.373    	24.749779	14.087    	
12.563055	29.3395   	24.763896	14.1316   	
12.597519	29.3059   	24.777686	14.1763   	
12.631922	29.2722   	24.791149	14.2212   	
12.666262	29.2384   	24.804286	14.2661   	
12.700540	29.2046   	24.817100	14.3111   	
12.734756	29.1707   	24.829591	14.3562   	
12.768908	29.1368   	24.841762	14.4014   	
12.802997	29.1027   	24.853613	14.4467   	
12.837023	29.0686   	24.865145	14.492    	
12.870985	29.0345   	24.876361	14.5375   	
12.904883	29.0002   	24.887261	14.5831   	
12.938717	28.9659   	24.897846	14.6287   	
12.972486	28.9316   	24.908119	14.6744   	
13.006191	28.8971   	24.918081	14.7203   	
13.039830	28.8626   	24.927732	14.7662   	
13.073403	28.8281   	24.937074	14.8122   	
13.106911	28.7934   	24.946109	14.8583   	
13.140353	28.7587   	24.954838	14.9045   	
13.173729	28.724    	24.963262	14.9507   	
13.207038	28.6891   	24.971383	14.9971   	
13.240280	28.6542   	24.979201	15.0435   	
13.273455	28.6193   	24.986719	15.0901   	
13.306562	28.5843   	24.993937	15.1367   	
13.339602	28.5492   	25.000857	15.1834   	
13.372573	28.514    	25.007480	15.2302   	
13.405476	28.4788   	25.013807	15.277    	
13.438311	28.4435   	25.019840	15.324    	
13.471076	28.4082   	25.025581	15.371    	
13.503773	28.3728   	25.031029	15.4181   	
13.536399	28.3373   	25.036187	15.4653   	
13.568956	28.3018   	25.041056	15.5126   	
13.601443	28.2662   	25.045637	15.5599   	
13.633859	28.2306   	25.049931	15.6074   	
13.666205	28.1949   	25.053940	15.6549   	
13.698479	28.1591   	25.057665	15.7025   	
13.730682	28.1233   	25.061108	15.7502   	
13.762814	28.0874   	25.064268	15.7979   	
13.794873	28.0514   	25.067149	15.8458   	
13.826861	28.0154   	25.069750	15.8937   	
13.858775	27.9794   	25.072074	15.9417   	
13.890617	27.9433   	25.074121	15.9898   	
13.922385	27.9071   	25.075893	16.0379   	
13.954080	27.8709   	25.077391	16.0861   	
13.985702	27.8346   	25.078616	16.1344   	
14.017249	27.7982   	25.079569	16.1828   	
14.048721	27.7618   	25.080252	16.2312   	
14.080119	27.7254   	25.080665	16.2798   	
14.111442	27.6889   	25.080811	16.3283   	
14.142689	27.6523   	25.080690	16.377    	
14.173861	27.6157   	25.080303	16.4257   	
14.204956	27.579    	25.079652	16.4746   	
14.235976	27.5423   	25.078738	16.5234   	
14.266918	27.5055   	25.077562	16.5724   	
14.297784	27.4686   	25.076125	16.6214   	
14.328572	27.4318   	25.074428	16.6705   	
14.359283	27.3948   	25.072473	16.7197   	
14.389915	27.3578   	25.070260	16.7689   	
14.420470	27.3208   	25.067791	16.8182   	
14.450945	27.2837   	25.065068	16.8676   	
14.481342	27.2465   	25.062090	16.917    	
14.511660	27.2093   	25.058860	16.9665   	
14.541898	27.1721   	25.055378	17.0161   	
14.572056	27.1348   	25.051646	17.0657   	
14.602133	27.0974   	25.047664	17.1154   	
14.632131	27.06     	25.043435	17.1652   	
14.662047	27.0226   	25.038958	17.215    	
14.691882	26.9851   	25.034236	17.2649   	
14.721635	26.9476   	25.029269	17.3149   	
14.751307	26.91     	25.024058	17.3649   	
14.780896	26.8723   	25.018605	17.415    	
14.810402	26.8347   	25.012910	17.4652   	
14.839826	26.7969   	25.006975	17.5154   	
14.869166	26.7591   	25.000801	17.5657   	
14.898423	26.7213   	24.994388	17.616    	
14.927595	26.6835   	24.987739	17.6664   	
14.956684	26.6455   	24.980853	17.7168   	
14.985688	26.6076   	24.973733	17.7674   	
15.014606	26.5696   	24.966379	17.8179   	
15.043440	26.5315   	24.958792	17.8686   	
15.072187	26.4935   	24.950973	17.9192   	
15.100849	26.4553   	24.942924	17.97     	
15.129424	26.4172   	24.934645	18.0208   	
15.157912	26.3789   	24.926138	18.0717   	
15.186314	26.3407   	24.917403	18.1226   	
15.214627	26.3024   	24.908442	18.1735   	
15.242853	26.264    	24.899255	18.2246   	
15.270991	26.2257   	24.889844	18.2757   	
15.299040	26.1872   	24.880210	18.3268   	
15.327001	26.1488   	24.870354	18.378    	
15.354872	26.1103   	24.860276	18.4292   	
15.382654	26.0717   	24.849978	18.4805   	
15.410345	26.0332   	24.839461	18.5319   	
15.437946	25.9945   	24.828725	18.5832   	
15.465457	25.9559   	24.817772	18.6347   	
15.492876	25.9172   	24.806603	18.6862   	
15.520204	25.8785   	24.795219	18.7377   	
15.547440	25.8397   	24.783620	18.7893   	
15.574584	25.8009   	24.771809	18.841    	
15.601636	25.762    	24.759785	18.8927   	
15.628595	25.7232   	24.747549	18.9444   	
15.655460	25.6842   	24.735103	18.9962   	
15.682231	25.6453   	24.722448	19.048    	
15.708909	25.6063   	24.709585	19.0999   	
15.735492	25.5673   	24.696514	19.1518   	
15.761981	25.5282   	24.683237	19.2038   	
15.788374	25.4892   	24.669754	19.2558   	
15.814672	25.45     	24.656066	19.3079   	
15.840873	25.4109   	24.642175	19.36     	
15.866979	25.3717   	24.628081	19.4121   	
15.892988	25.3325   	24.613785	19.4643   	
15.918899	25.2932   	24.599289	19.5166   	
15.944714	25.254    	24.584593	19.5688   	
15.970430	25.2147   	24.569697	19.6212   	
15.996048	25.1753   	24.554604	19.6735   	
16.021568	25.1359   	24.539313	19.7259   	
16.046989	25.0965   	24.523826	19.7783   	
16.072310	25.0571   	24.508144	19.8308   	
16.097531	25.0177   	24.492268	19.8833   	
16.122652	24.9782   	24.476198	19.9359   	
16.147673	24.9387   	24.459935	19.9885   	
16.172593	24.8991   	24.443480	20.0411   	
16.197411	24.8596   	24.426835	20.0938   	
16.222127	24.82     	24.409999	20.1465   	
16.246742	24.7803   	24.392975	20.1992   	
16.271254	24.7407   	24.375762	20.252    	
16.295662	24.701    	24.358362	20.3048   	
16.319968	24.6613   	24.340775	20.3576   	
16.344169	24.6216   	24.323003	20.4105   	
16.368267	24.5818   	24.305046	20.4634   	
16.392260	24.5421   	24.286905	20.5163   	
16.416147	24.5023   	24.268581	20.5693   	
16.439930	24.4624   	24.250075	20.6223   	
16.463606	24.4226   	24.231387	20.6753   	
16.487177	24.3827   	24.212519	20.7283   	
16.510640	24.3428   	24.193471	20.7814   	
16.533997	24.3029   	24.174244	20.8346   	
16.557246	24.263    	24.154839	20.8877   	
16.580387	24.223    	24.135257	20.9409   	
16.603420	24.1831   	24.115499	20.9941   	
16.626344	24.1431   	24.095565	21.0473   	
16.649159	24.103    	24.075456	21.1006   	
16.671864	24.063    	24.055173	21.1538   	
16.694460	24.023    	24.034717	21.2071   	
16.716945	23.9829   	24.014088	21.2605   	
16.739319	23.9428   	23.993288	21.3138   	
16.761581	23.9027   	23.972318	21.3672   	
16.783732	23.8626   	23.951177	21.4206   	
16.805771	23.8224   	23.929867	21.474    	
16.827698	23.7823   	23.908389	21.5275   	
16.849511	23.7421   	23.886743	21.581    	
16.871211	23.7019   	23.864930	21.6344   	
16.892797	23.6617   	23.842951	21.688    	
16.914268	23.6215   	23.820806	21.7415   	
16.935625	23.5812   	23.798497	21.795    	
16.956866	23.541    	23.776025	21.8486   	
16.977992	23.5007   	23.753389	21.9022   	
16.999002	23.4604   	23.730591	21.9558   	
17.019896	23.4201   	23.707631	22.0094   	
17.040672	23.3798   	23.684511	22.0631   	
17.061331	23.3395   	23.661230	22.1167   	
17.081872	23.2992   	23.637791	22.1704   	
17.102295	23.2588   	23.614192	22.2241   	
17.122598	23.2185   	23.590436	22.2778   	
17.142783	23.1781   	23.566523	22.3315   	
17.162848	23.1377   	23.542453	22.3852   	
17.182793	23.0974   	23.518228	22.439    	
17.202617	23.057    	23.493848	22.4927   	
17.222320	23.0166   	23.469313	22.5465   	
17.241902	22.9762   	23.444625	22.6003   	
17.261362	22.9357   	23.419784	22.6541   	
17.280699	22.8953   	23.394791	22.7079   	
17.299914	22.8549   	23.369647	22.7617   	
17.319005	22.8144   	23.344352	22.8155   	
17.337972	22.774    	23.318907	22.8694   	
17.356815	22.7335   	23.293312	22.9232   	
17.375533	22.6931   	23.267569	22.9771   	
17.394126	22.6526   	23.241678	23.0309   	
17.412593	22.6121   	23.215640	23.0848   	
17.430934	22.5716   	23.189455	23.1386   	
17.449148	22.5312   	23.163125	23.1925   	
17.467236	22.4907   	23.136649	23.2464   	
17.485195	22.4502   	23.110028	23.3003   	
17.503027	22.4097   	23.083264	23.3542   	
17.520730	22.3692   	23.056357	23.4081   	
17.538304	22.3287   	23.029306	23.462    	
17.555748	22.2882   	23.002115	23.5159   	
17.573063	22.2477   	22.974781	23.5698   	
17.590246	22.2072   	22.947307	23.6237   	
17.607299	22.1667   	22.919694	23.6776   	
17.624221	22.1262   	22.891941	23.7315   	
17.641010	22.0857   	22.864049	23.7854   	
17.657667	22.0452   	22.836019	23.8393   	
17.674191	22.0047   	22.807852	23.8932   	
17.690582	21.9642   	22.779548	23.9471   	
17.706839	21.9237   	22.751108	24.001    	
17.722961	21.8832   	22.722533	24.0549   	
17.738949	21.8427   	22.693823	24.1088   	
17.754800	21.8022   	22.664978	24.1627   	
17.770517	21.7617   	22.636000	24.2166   	
17.786096	21.7212   	22.606889	24.2704   	
17.801539	21.6807   	22.577645	24.3243   	
17.816844	21.6403   	22.548270	24.3782   	
17.832011	21.5998   	22.518763	24.4321   	
17.847040	21.5593   	22.489126	24.4859   	
17.861930	21.5189   	22.459359	24.5398   	
17.876680	21.4784   	22.429463	24.5936   	
17.891291	21.438    	22.399438	24.6474   	
17.905761	21.3975   	22.369284	24.7013   	
17.920090	21.3571   	22.339004	24.7551   	
17.934277	21.3166   	22.308596	24.8089   	
17.948323	21.2762   	22.278061	24.8627   	
17.962225	21.2358   	22.247401	24.9164   	
17.975985	21.1954   	22.216616	24.9702   	
17.989601	21.155    	22.185706	25.024    	
18.003073	21.1146   	22.154672	25.0777   	
18.016401	21.0743   	22.123514	25.1315   	
18.029583	21.0339   	22.092234	25.1852   	
18.042619	20.9935   	22.060831	25.2389   	
18.055510	20.9532   	22.029306	25.2926   	
18.068253	20.9129   	21.997660	25.3462   	
18.080849	20.8726   	21.965893	25.3999   	
18.093298	20.8323   	21.934006	25.4535   	
18.105598	20.792    	21.902000	25.5072   	
18.117749	20.7517   	21.869874	25.5608   	
18.129751	20.7114   	21.837630	25.6144   	
18.141602	20.6712   	21.805268	25.6679   	
18.153304	20.6309   	21.772789	25.7215   	
18.164854	20.5907   	21.740192	25.775    	
18.176252	20.5505   	21.707480	25.8285   	
18.187499	20.5103   	21.674652	25.882    	
18.198593	20.4701   	21.641708	25.9355   	
18.209533	20.43     	21.608650	25.9889   	
18.220320	20.3898   	21.575477	26.0424   	
18.230953	20.3497   	21.542191	26.0958   	
18.241430	20.3096   	21.508792	26.1491   	
18.251753	20.2695   	21.475280	26.2025   	
18.261919	20.2294   	21.441656	26.2558   	
18.271929	20.1894   	21.407920	26.3091   	
18.281781	20.1493   	21.374074	26.3624   	
18.291477	20.1093   	21.340117	26.4157   	
18.301013	20.0693   	21.306049	26.4689   	
18.310392	20.0293   	21.271872	26.5221   	
18.319610	19.9894   	21.237587	26.5753   	
18.328669	19.9495   	21.203192	26.6284   	
18.337568	19.9095   	21.168690	26.6815   	
18.346305	19.8697   	21.134080	26.7346   	
18.354881	19.8298   	21.099363	26.7877   	
18.363295	19.7899   	21.064539	26.8407   	
18.371546	19.7501   	21.029610	26.8937   	
18.379634	19.7103   	20.994575	26.9467   	
18.387558	19.6706   	20.959435	26.9996   	
18.395318	19.6308   	20.924190	27.0525   	
18.402912	19.5911   	20.888841	27.1054   	
18.410342	19.5514   	20.853388	27.1582   	
18.417605	19.5117   	20.817833	27.211    	
18.424701	19.4721   	20.782174	27.2638   	
18.431630	19.4324   	20.746414	27.3165   	
18.438391	19.3928   	20.710551	27.3692   	
18.444984	19.3533   	20.674588	27.4219   	
18.451407	19.3137   	20.638523	27.4745   	
18.457661	19.2742   	20.602359	27.5271   	
18.463745	19.2347   	20.566094	27.5796   	
18.469658	19.1953   	20.529730	27.6321   	
18.475400	19.1558   	20.493267	27.6846   	
18.480970	19.1164   	20.456706	27.7371   	
18.486367	19.0771   	20.420047	27.7895   	
18.491591	19.0377   	20.383290	27.8418   	
18.496642	18.9984   	20.346435	27.8941   	
18.501518	18.9591   	20.309485	27.9464   	
18.506219	18.9199   	20.272437	27.9986   	
18.510745	18.8807   	20.235295	28.0508   	
18.515095	18.8415   	20.198056	28.103    	
18.519268	18.8023   	20.160723	28.1551   	
18.523263	18.7632   	20.123296	28.2071   	
18.527081	18.7241   	20.085774	28.2591   	
18.530721	18.6851   	20.048159	28.3111   	
18.534181	18.6461   	20.010450	28.363    	
18.537462	18.6071   	19.972649	28.4149   	
18.540562	18.5681   	19.934756	28.4668   	
18.543481	18.5292   	19.896771	28.5186   	
18.546219	18.4903   	19.858694	28.5703   	
18.548775	18.4515   	19.820526	28.622    	
18.551149	18.4127   	19.782268	28.6736   	
18.553339	18.3739   	19.743919	28.7252   	
18.555345	18.3352   	19.705481	28.7768   	
18.557166	18.2965   	19.666953	28.8283   	
18.558803	18.2578   	19.628336	28.8797   	
18.560253	18.2192   	19.589631	28.9311   	
18.561518	18.1806   	19.550838	28.9825   	
18.562595	18.1421   	19.511957	29.0338   	
18.563485	18.1036   	19.472989	29.085    	
18.564186	18.0651   	19.433933	29.1362   	
18.564699	18.0267   	19.394792	29.1873   	
18.565023	17.9883   	19.355564	29.2384   	
18.565156	17.95     	19.316250	29.2894   	
18.565099	17.9117   	19.276852	29.3404   	
18.564851	17.8734   	19.237368	29.3913   	
18.564410	17.8352   	19.197800	29.4422   	
18.563777	17.7971   	19.158147	29.493    	
18.562952	17.7589   	19.118411	29.5437   	
18.561932	17.7208   	19.078592	29.5944   	
18.560718	17.6828   	19.038690	29.645    	
18.559309	17.6448   	18.998705	29.6956   	
18.557704	17.6068   	18.958638	29.7461   	
18.555904	17.5689   	18.918489	29.7966   	
18.553906	17.5311   	18.878259	29.847    	
18.551711	17.4932   	18.837948	29.8973   	
18.549318	17.4555   	18.797556	29.9476   	
18.546726	17.4177   	18.757083	29.9978   	
18.543935	17.38     	18.716531	30.0479   	
18.540943	17.3424   	18.675900	30.098    	
18.537752	17.3048   	18.635189	30.1481   	
18.534359	17.2673   	18.594399	30.198    	
18.530764	17.2298   	18.553531	30.2479   	
18.526967	17.1923   	18.512585	30.2978   	
18.522966	17.1549   	18.471561	30.3475   	
18.518762	17.1176   	18.430460	30.3972   	
18.514354	17.0803   	18.389282	30.4469   	
18.509740	17.0431   	18.348028	30.4964   	
18.504921	17.0059   	18.306697	30.5459   	
18.499896	16.9687   	18.265290	30.5954   	
18.494664	16.9316   	18.223808	30.6448   	
18.489224	16.8946   	18.182250	30.6941   	
18.483577	16.8576   	18.140618	30.7433   	
18.477720	16.8206   	18.098911	30.7925   	
18.471654	16.7837   	18.057130	30.8415   	
18.465378	16.7469   	18.015276	30.8906   	
18.458892	16.7101   	17.973347	30.9395   	
18.452194	16.6734   	17.931346	30.9884   	
18.445284	16.6367   	17.889272	31.0372   	
18.438162	16.6001   	17.847126	31.086    	
18.430827	16.5635   	17.804907	31.1346   	
18.423278	16.527    	17.762617	31.1832   	
18.415514	16.4906   	17.720256	31.2317   	
18.407535	16.4542   	17.677823	31.2802   	
18.399341	16.4178   	17.635320	31.3285   	
18.390930	16.3815   	17.592746	31.3768   	
18.382303	16.3453   	17.550103	31.4251   	
18.373458	16.3091   	17.507389	31.4732   	
18.364394	16.273    	17.464607	31.5213   	
18.355112	16.2369   	17.421755	31.5693   	
18.345611	16.2009   	17.378834	31.6172   	
18.335889	16.165    	17.335845	31.665    	
18.325947	16.1291   	17.292788	31.7128   	
18.315783	16.0933   	17.249664	31.7605   	
18.305397	16.0575   	17.206471	31.8081   	
18.294789	16.0218   	17.163212	31.8556   	
18.283957	15.9862   	17.119886	31.903    	
18.272902	15.9506   	17.076493	31.9504   	
18.261622	15.9151   	17.033035	31.9977   	
18.250118	15.8796   	16.989510	32.0448   	
18.238387	15.8442   	16.945920	32.092    	
18.226430	15.8088   	16.902265	32.139    	
18.214246	15.7736   	16.858545	32.1859   	
18.201835	15.7384   	16.814760	32.2328   	
18.189196	15.7032   	16.770911	32.2796   	
18.176327	15.6681   	16.726998	32.3263   	
18.163229	15.6331   	16.683021	32.3729   	
18.149902	15.5981   	16.638981	32.4194   	
18.136343	15.5632   	16.594878	32.4659   	
18.122554	15.5284   	16.550712	32.5122   	
18.108532	15.4936   	16.506483	32.5585   	
18.094278	15.4589   	16.462193	32.6047   	
18.079791	15.4243   	16.417841	32.6508   	
18.065070	15.3897   	16.373427	32.6968   	
18.050115	15.3552   	16.328951	32.7427   	
18.034924	15.3208   	16.284415	32.7885   	
18.019499	15.2864   	16.239818	32.8343   	
18.003837	15.2521   	16.195161	32.8799   	
17.987938	15.2179   	16.150444	32.9255   	
17.971803	15.1837   	16.105667	32.9709   	
17.955429	15.1496   	16.060830	33.0163   	
17.938816	15.1156   	16.015934	33.0616   	
17.921965	15.0817   	15.970980	33.1068   	
17.904874	15.0478   	15.925966	33.1519   	
17.887542	15.0139   	15.880895	33.1969   	
17.869970	14.9802   	15.835765	33.2418   	
17.852156	14.9465   	15.790577	33.2866   	
17.834100	14.9129   	15.745332	33.3314   	
17.815801	14.8794   	15.700030	33.376    	
17.797259	14.8459   	15.654670	33.4205   	
17.778473	14.8125   	15.609254	33.465    	
17.759443	14.7792   	15.563782	33.5093   	
17.740167	14.746    	15.518254	33.5536   	
17.720646	14.7128   	15.472669	33.5977   	
17.700879	14.6797   	15.427029	33.6418   	
17.680865	14.6467   	15.381334	33.6857   	
17.660604	14.6137   	15.335584	33.7296   	
17.640095	14.5808   	15.289779	33.7733   	
17.619338	14.548    	15.243920	33.817    	
17.598332	14.5153   	15.198006	33.8606   	
17.577076	14.4826   	15.152039	33.904    	
17.555570	14.45     	15.106017	33.9474   	
17.533813	14.4175   	15.059943	33.9906   	
17.511805	14.3851   	15.013815	34.0338   	
17.489546	14.3528   	14.967634	34.0768   	
17.467034	14.3205   	14.921401	34.1198   	
17.444269	14.2883   	14.875115	34.1627   	
17.421251	14.2562   	14.828778	34.2054   	
17.397978	14.2241   	14.782388	34.248    	
17.374452	14.1922   	14.735947	34.2906   	
17.350670	14.1603   	14.689455	34.333    	
17.326633	14.1285   	14.642911	34.3754   	
17.302340	14.0967   	14.596317	34.4176   	
17.277791	14.0651   	14.549672	34.4597   	
17.252984	14.0335   	14.502977	34.5017   	
17.227920	14.002    	14.456232	34.5436   	
17.202597	13.9706   	14.409437	34.5854   	
17.177016	13.9393   	14.362592	34.6271   	
17.151176	13.908    	14.315699	34.6687   	
17.125076	13.8769   	14.268756	34.7102   	
17.098716	13.8458   	14.221764	34.7516   	
17.072096	13.8148   	14.174724	34.7928   	
17.045215	13.7838   	14.127636	34.834    	
17.018072	13.753    	14.080499	34.875    	
16.990666	13.7223   	14.033315	34.916    	
16.962999	13.6916   	13.986084	34.9568   	
16.935068	13.661    	13.938804	34.9975   	
16.906874	13.6305   	13.891478	35.0381   	
16.878416	13.6001   	13.844105	35.0786   	
16.849694	13.5697   	13.796686	35.119    	
16.820707	13.5395   	13.749220	35.1592   	
16.791454	13.5093   	13.701708	35.1994   	
16.761936	13.4792   	13.654150	35.2394   	
16.732152	13.4492   	13.606547	35.2794   	
16.702101	13.4193   	13.558898	35.3192   	
16.671783	13.3895   	13.511204	35.3589   	
16.641197	13.3597   	13.463465	35.3985   	
16.610344	13.3301   	13.415682	35.4379   	
16.579223	13.3005   	13.367854	35.4773   	
16.547832	13.271    	13.319981	35.5165   	
16.516173	13.2416   	13.272065	35.5556   	
16.484244	13.2123   	13.224105	35.5946   	
16.452046	13.1831   	13.176102	35.6335   	
16.419577	13.1539   	13.128055	35.6723   	
16.386837	13.1249   	13.079965	35.711    	
16.353826	13.096    	13.031833	35.7495   	
16.320544	13.0671   	12.983657	35.7879   	
16.286990	13.0383   	12.935440	35.8262   	
16.253165	13.0096   	12.887180	35.8644   	
16.219066	12.981    	12.838878	35.9024   	
16.184695	12.9525   	12.790535	35.9404   	
16.150050	12.9241   	12.742150	35.9782   	
16.115132	12.8958   	12.693724	36.0159   	
16.079941	12.8676   	12.645256	36.0535   	
16.044475	12.8394   	12.596748	36.0909   	
16.008734	12.8114   	12.548200	36.1282   	
15.972719	12.7834   	12.499611	36.1654   	
15.936429	12.7555   	12.450982	36.2025   	
15.899864	12.7278   	12.402313	36.2395   	
15.863022	12.7001   	12.353604	36.2763   	
15.825905	12.6725   	12.304855	36.313    	
15.788512	12.645    	12.256068	36.3496   	
15.750842	12.6176   	12.207241	36.3861   	
15.712895	12.5903   	12.158376	36.4224   	
15.674672	12.5631   	12.109472	36.4587   	
15.636171	12.536    	12.060529	36.4947   	
15.597393	12.5089   	12.011548	36.5307   	
15.558337	12.482    	11.962529	36.5666   	
15.519003	12.4552   	11.913473	36.6023   	
15.479391	12.4284   	11.864378	36.6378   	
15.439500	12.4018   	11.815247	36.6733   	
15.399331	12.3753   	11.766078	36.7086   	
15.358883	12.3488   	11.716872	36.7438   	
15.318157	12.3225   	11.667630	36.7789   	
15.277151	12.2962   	11.618351	36.8139   	
15.235866	12.27     	11.569036	36.8487   	
15.194302	12.244    	11.519684	36.8834   	
15.152458	12.218    	11.470297	36.9179   	
15.110334	12.1921   	11.420874	36.9523   	
15.067931	12.1664   	11.371415	36.9866   	
15.025247	12.1407   	11.321921	37.0208   	
14.982284	12.1151   	11.272392	37.0548   	
14.939040	12.0897   	11.222829	37.0887   	
14.895516	12.0643   	11.173230	37.1225   	
14.851711	12.039    	11.123597	37.1561   	
14.807627	12.0138   	11.073929	37.1896   	
14.763261	11.9888   	11.024228	37.223    	
14.718615	11.9638   	10.974493	37.2563   	
14.673689	11.9389   	10.924723	37.2894   	
14.628482	11.9141   	10.874921	37.3223   	
14.582994	11.8895   	10.825085	37.3552   	
14.537225	11.8649   	10.775216	37.3879   	
14.491176	11.8404   	10.725314	37.4204   	
14.444846	11.816    	10.675379	37.4529   	
14.398235	11.7918   	10.625412	37.4852   	
14.351343	11.7676   	10.575413	37.5173   	
14.304171	11.7435   	10.525381	37.5494   	
14.256718	11.7196   	10.475317	37.5812   	
14.208985	11.6957   	10.425222	37.613    	
14.160971	11.672    	10.375095	37.6446   	
14.112677	11.6483   	10.324937	37.6761   	
14.064102	11.6248   	10.274747	37.7074   	
14.015247	11.6013   	10.224527	37.7386   	
13.966112	11.578    	10.174276	37.7697   	
13.916697	11.5547   	10.123994	37.8006   	
13.867002	11.5316   	10.073682	37.8314   	
13.817027	11.5086   	10.023339	37.8621   	
13.766772	11.4857   	9.972967	37.8926   	
13.716238	11.4628   	9.922565	37.9229   	
13.665425	11.4401   	9.872133	37.9532   	
13.614333	11.4175   	9.821671	37.9833   	
13.562961	11.395    	9.771180	38.0132   	
13.511311	11.3726   	9.720660	38.043    	
13.459382	11.3503   	9.670112	38.0727   	
13.407176	11.3281   	9.619534	38.1022   	
13.354691	11.3061   	9.568928	38.1316   	
13.301928	11.2841   	9.518294	38.1608   	
13.248888	11.2622   	9.467631	38.1899   	
13.195570	11.2405   	9.416941	38.2189   	
13.141976	11.2188   	9.366222	38.2477   	
13.088105	11.1973   	9.315476	38.2764   	
13.033958	11.1758   	9.264702	38.3049   	
12.979534	11.1545   	9.213902	38.3333   	
12.924836	11.1333   	9.163074	38.3615   	
12.869861	11.1122   	9.112219	38.3896   	
12.814612	11.0912   	9.061337	38.4175   	
12.759088	11.0703   	9.010429	38.4454   	
12.703290	11.0495   	8.959495	38.473    	
12.647219	11.0288   	8.908534	38.5005   	
12.590874	11.0083   	8.857547	38.5279   	
12.534256	10.9878   	8.806535	38.5551   	
12.477366	10.9675   	8.755497	38.5822   	
12.420203	10.9473   	8.704433	38.6091   	
12.362770	10.9271   	8.653344	38.6359   	
12.305065	10.9071   	8.602230	38.6625   	
12.247090	10.8872   	8.551090	38.689    	
12.188844	10.8674   	8.499926	38.7154   	
12.130329	10.8477   	8.448738	38.7415   	
12.071546	10.8282   	8.397525	38.7676   	
12.012493	10.8087   	8.346288	38.7935   	
11.953173	10.7894   	8.295026	38.8192   	
11.893586	10.7701   	8.243741	38.8448   	
11.833732	10.751    	8.192432	38.8703   	
11.773612	10.732    	8.141099	38.8956   	
11.713227	10.7131   	8.089743	38.9207   	
11.652577	10.6943   	8.038364	38.9457   	
11.591663	10.6757   	7.986961	38.9706   	
11.530485	10.6571   	7.935536	38.9953   	
11.469045	10.6387   	7.884088	39.0198   	
11.407343	10.6203   	7.832617	39.0442   	
11.345379	10.6021   	7.781124	39.0685   	
11.283155	10.584    	7.729609	39.0926   	
11.220671	10.566    	7.678071	39.1165   	
11.157927	10.5481   	7.626512	39.1403   	
11.094926	10.5304   	7.574931	39.1639   	
11.031667	10.5127   	7.523329	39.1874   	
10.968151	10.4952   	7.471705	39.2107   	
10.904379	10.4778   	7.420060	39.2339   	
10.840352	10.4605   	7.368394	39.257    	
10.776071	10.4433   	7.316706	39.2798   	
10.711537	10.4262   	7.264999	39.3026   	
10.646750	10.4092   	7.213270	39.3251   	
10.581711	10.3924   	7.161521	39.3475   	
10.516422	10.3757   	7.109752	39.3698   	
10.450883	10.3591   	7.057963	39.3919   	
10.385095	10.3426   	7.006154	39.4139   	
10.319060	10.3262   	6.954325	39.4356   	
10.252777	10.3099   	6.902477	39.4573   	
10.186249	10.2938   	6.850609	39.4788   	
10.119475	10.2778   	6.798722	39.5001   	
10.052458	10.2619   	6.746816	39.5213   	
9.985198	10.2461   	6.694891	39.5423   	
9.917696	10.2304   	6.642947	39.5632   	
9.849954	10.2148   	6.590985	39.5839   	
9.781971	10.1994   	6.539004	39.6044   	
9.713751	10.1841   	6.487005	39.6248   	
9.645292	10.1689   	6.434987	39.645    	
9.576598	10.1538   	6.382952	39.6651   	
9.507668	10.1388   	6.330899	39.6851   	
9.438504	10.1239   	6.278828	39.7048   	
9.369107	10.1092   	6.226739	39.7244   	
9.299479	10.0946   	6.174634	39.7439   	
9.229620	10.0801   	6.122511	39.7632   	
9.159532	10.0657   	6.070371	39.7823   	
9.089216	10.0515   	6.018214	39.8013   	
9.018674	10.0373   	5.966041	39.8201   	
8.947905	10.0233   	5.913851	39.8387   	
8.876913	10.0094   	5.861644	39.8572   	
8.805698	9.99563   	5.809422	39.8756   	
8.734261	9.98197   	5.757183	39.8938   	
8.662604	9.96843   	5.704928	39.9118   	
8.590728	9.95501   	5.652658	39.9296   	
8.518634	9.94171   	5.600372	39.9473   	
8.446325	9.92853   	5.548070	39.9649   	
8.373800	9.91547   	5.495753	39.9823   	
8.301062	9.90253   	5.443421	39.9995   	
8.228113	9.88972   	5.391074	40.0165   	
8.154953	9.87702   	5.338712	40.0334   	
8.081583	9.86444   	5.286336	40.0502   	
8.008007	9.85199   	5.233945	40.0668   	
7.934224	9.83965   	5.181539	40.0832   	
7.860236	9.82744   	5.129119	40.0994   	
7.786046	9.81535   	5.076685	40.1155   	
7.711654	9.80337   	5.024238	40.1315   	
7.637062	9.79153   	4.971776	40.1472   	
7.562271	9.7798    	4.919301	40.1628   	
7.487284	9.76819   	4.866812	40.1783   	
7.412102	9.75671   	4.814310	40.1936   	
7.336726	9.74535   	4.761795	40.2087   	
7.261158	9.73411   	4.709267	40.2236   	
7.185399	9.72299   	4.656726	40.2384   	
7.109452	9.712     	4.604172	40.2531   	
7.033318	9.70113   	4.551606	40.2675   	
6.956998	9.69038   	4.499027	40.2818   	
6.880495	9.67975   	4.446436	40.296    	
6.803809	9.66925   	4.393833	40.31     	
6.726944	9.65887   	4.341218	40.3238   	
6.649900	9.64861   	4.288591	40.3374   	
6.572679	9.63847   	4.235953	40.3509   	
6.495283	9.62846   	4.183303	40.3642   	
6.417714	9.61857   	4.130641	40.3774   	
6.339974	9.60881   	4.077969	40.3904   	
6.262064	9.59917   	4.025285	40.4032   	
6.183986	9.58965   	3.972590	40.4159   	
6.105742	9.58026   	3.919885	40.4284   	
6.027335	9.57099   	3.867169	40.4407   	
5.948765	9.56184   	3.814442	40.4529   	
5.870034	9.55282   	3.761705	40.4649   	
5.791145	9.54392   	3.708958	40.4768   	
5.712100	9.53515   	3.656201	40.4884   	
5.632900	9.5265    	3.603434	40.4999   	
5.553547	9.51798   	3.550657	40.5113   	
5.474044	9.50958   	3.497871	40.5225   	
5.394391	9.5013    	3.445075	40.5335   	
5.314592	9.49315   	3.392270	40.5443   	
5.234648	9.48512   	3.339456	40.555    	
5.154561	9.47722   	3.286632	40.5655   	
5.074333	9.46944   	3.233800	40.5759   	
4.993967	9.46179   	3.180959	40.5861   	
4.913463	9.45426   	3.128110	40.5961   	
4.832825	9.44686   	3.075252	40.6059   	
4.752054	9.43958   	3.022386	40.6156   	
4.671152	9.43243   	2.969512	40.6251   	
4.590122	9.42541   	2.916629	40.6345   	
4.508965	9.41851   	2.863739	40.6437   	
4.427684	9.41173   	2.810841	40.6527   	
4.346280	9.40508   	2.757936	40.6615   	
4.264756	9.39855   	2.705023	40.6702   	
4.183115	9.39216   	2.652103	40.6787   	
4.101357	9.38588   	2.599176	40.6871   	
4.019485	9.37973   	2.546242	40.6953   	
3.937502	9.37371   	2.493301	40.7033   	
3.855409	9.36782   	2.440353	40.7111   	
3.773209	9.36205   	2.387399	40.7188   	
3.690904	9.3564    	2.334438	40.7263   	
3.608496	9.35088   	2.281471	40.7337   	
3.525988	9.34549   	2.228498	40.7408   	
3.443380	9.34023   	2.175519	40.7478   	
3.360677	9.33509   	2.122534	40.7547   	
3.277880	9.33007   	2.069544	40.7614   	
3.194990	9.32519   	2.016548	40.7679   	
3.112012	9.32043   	1.963546	40.7742   	
3.028946	9.31579   	1.910540	40.7804   	
2.945794	9.31128   	1.857528	40.7864   	
2.862561	9.3069    	1.804511	40.7922   	
2.779246	9.30265   	1.751490	40.7979   	
2.695854	9.29852   	1.698463	40.8033   	
2.612385	9.29452   	1.645432	40.8087   	
2.528844	9.29064   	1.592397	40.8138   	
2.445230	9.28689   	1.539358	40.8188   	
2.361548	9.28327   	1.486314	40.8236   	
2.277799	9.27978   	1.433266	40.8283   	
2.193986	9.27641   	1.380215	40.8328   	
2.110111	9.27317   	1.327160	40.8371   	
2.026176	9.27005   	1.274101	40.8412   	
1.942184	9.26707   	1.221039	40.8452   	
1.858137	9.26421   	1.167974	40.849    	
1.774037	9.26147   	1.114906	40.8527   	
1.689887	9.25887   	1.061834	40.8561   	
1.605689	9.25639   	1.008760	40.8594   	
1.521446	9.25403   	0.955683	40.8626   	
1.437159	9.25181   	0.902604	40.8655   	
1.352832	9.24971   	0.849522	40.8683   	
1.268466	9.24774   	0.796438	40.8709   	
1.184065	9.24589   	0.743351	40.8734   	
1.099629	9.24417   	0.690263	40.8757   	
1.015163	9.24258   	0.637173	40.8778   	
0.930667	9.24112   	0.584081	40.8797   	
0.846145	9.23979   	0.530988	40.8815   	
0.761599	9.23858   	0.477893	40.8831   	
0.677032	9.2375    	0.424797	40.8846   	
0.592445	9.23654   	0.371700	40.8858   	
0.507841	9.23571   	0.318602	40.8869   	
0.423223	9.23501   	0.265503	40.8879   	
0.338593	9.23444   	0.212403	40.8886   	
0.253953	9.234     	0.159303	40.8892   	
0.169306	9.23368   	0.106202	40.8896   	
0.084654	9.23349   	0.053101	40.8899   	
0.000000	9.23342   	0.000000	40.89     	
