! Reaction's Kinematics:  Alab & Elab
! 12C + 2H -> 8Be + 6Li     or    2H(12C,8Be)6Li;       Reaction at the "middle" of the target
! Projectile Energy at the reaction place:  27.40 MeV/u;      Grazing angle:  CMS = 1.52 deg;    Lab = 0.38 deg
! Q reaction : -5.89 MeV  (Excitations 0.0+0.0 -> 0.0+0.0);     Plotted Energy option is "after reaction"
Angle  [Lab-deg]1	Fragment - 8Be	Angle  [Lab-deg]2	Residual - 6Li	
0.000000	35.6782   	0.000000	6.19951   	
0.044435	35.6781   	0.142979	6.19959   	
0.088869	35.6779   	0.285952	6.19986   	
0.133304	35.6776   	0.428912	6.2003    	
0.177737	35.6771   	0.571851	6.20091   	
0.222171	35.6765   	0.714765	6.2017    	
0.266603	35.6758   	0.857645	6.20267   	
0.311034	35.675    	1.000485	6.20382   	
0.355465	35.674    	1.143279	6.20514   	
0.399894	35.6728   	1.286020	6.20663   	
0.444321	35.6716   	1.428702	6.2083    	
0.488747	35.6702   	1.571317	6.21015   	
0.533171	35.6687   	1.713860	6.21217   	
0.577593	35.667    	1.856324	6.21437   	
0.622014	35.6652   	1.998702	6.21674   	
0.666432	35.6633   	2.140988	6.21929   	
0.710847	35.6613   	2.283175	6.22202   	
0.755260	35.6591   	2.425257	6.22492   	
0.799670	35.6568   	2.567227	6.228     	
0.844078	35.6543   	2.709079	6.23125   	
0.888482	35.6518   	2.850806	6.23468   	
0.932883	35.6491   	2.992403	6.23828   	
0.977281	35.6462   	3.133862	6.24206   	
1.021675	35.6432   	3.275178	6.24602   	
1.066065	35.6401   	3.416343	6.25015   	
1.110452	35.6369   	3.557352	6.25445   	
1.154835	35.6335   	3.698199	6.25894   	
1.199213	35.63     	3.838876	6.26359   	
1.243587	35.6264   	3.979379	6.26842   	
1.287957	35.6226   	4.119700	6.27343   	
1.332322	35.6187   	4.259834	6.27861   	
1.376682	35.6147   	4.399774	6.28397   	
1.421037	35.6106   	4.539515	6.2895    	
1.465387	35.6063   	4.679050	6.29521   	
1.509732	35.6019   	4.818374	6.30109   	
1.554071	35.5973   	4.957479	6.30715   	
1.598405	35.5926   	5.096361	6.31338   	
1.642733	35.5878   	5.235014	6.31979   	
1.687055	35.5829   	5.373431	6.32637   	
1.731371	35.5778   	5.511607	6.33313   	
1.775680	35.5726   	5.649536	6.34006   	
1.819983	35.5672   	5.787212	6.34717   	
1.864280	35.5618   	5.924629	6.35445   	
1.908569	35.5562   	6.061783	6.3619    	
1.952852	35.5504   	6.198666	6.36953   	
1.997128	35.5446   	6.335275	6.37733   	
2.041397	35.5386   	6.471602	6.38531   	
2.085658	35.5325   	6.607643	6.39346   	
2.129911	35.5262   	6.743393	6.40179   	
2.174157	35.5198   	6.878845	6.41029   	
2.218395	35.5133   	7.013995	6.41896   	
2.262625	35.5066   	7.148837	6.42781   	
2.306847	35.4999   	7.283366	6.43683   	
2.351060	35.493    	7.417576	6.44602   	
2.395265	35.4859   	7.551464	6.45539   	
2.439461	35.4787   	7.685023	6.46493   	
2.483648	35.4715   	7.818248	6.47465   	
2.527826	35.464    	7.951135	6.48453   	
2.571995	35.4565   	8.083679	6.49459   	
2.616154	35.4488   	8.215874	6.50483   	
2.660304	35.441    	8.347717	6.51524   	
2.704445	35.433    	8.479201	6.52581   	
2.748575	35.4249   	8.610323	6.53657   	
2.792696	35.4167   	8.741078	6.54749   	
2.836806	35.4084   	8.871461	6.55859   	
2.880906	35.3999   	9.001467	6.56986   	
2.924995	35.3913   	9.131093	6.5813    	
2.969074	35.3826   	9.260333	6.59292   	
3.013142	35.3737   	9.389184	6.6047    	
3.057199	35.3647   	9.517641	6.61666   	
3.101244	35.3556   	9.645700	6.62879   	
3.145279	35.3464   	9.773356	6.64109   	
3.189302	35.337    	9.900606	6.65356   	
3.233313	35.3275   	10.027445	6.66621   	
3.277312	35.3179   	10.153869	6.67902   	
3.321300	35.3081   	10.279875	6.69201   	
3.365275	35.2982   	10.405458	6.70517   	
3.409238	35.2882   	10.530615	6.7185    	
3.453188	35.2781   	10.655342	6.732     	
3.497126	35.2678   	10.779635	6.74567   	
3.541051	35.2574   	10.903490	6.75951   	
3.584962	35.2469   	11.026904	6.77352   	
3.628861	35.2362   	11.149873	6.7877    	
3.672746	35.2254   	11.272394	6.80206   	
3.716618	35.2145   	11.394464	6.81658   	
3.760477	35.2035   	11.516078	6.83127   	
3.804321	35.1923   	11.637235	6.84613   	
3.848151	35.181    	11.757929	6.86116   	
3.891967	35.1696   	11.878159	6.87636   	
3.935769	35.1581   	11.997921	6.89173   	
3.979556	35.1464   	12.117213	6.90727   	
4.023329	35.1346   	12.236030	6.92298   	
4.067087	35.1226   	12.354370	6.93885   	
4.110830	35.1106   	12.472231	6.9549    	
4.154557	35.0984   	12.589609	6.97111   	
4.198269	35.0861   	12.706501	6.98749   	
4.241966	35.0737   	12.822906	7.00404   	
4.285647	35.0611   	12.938819	7.02076   	
4.329312	35.0484   	13.054240	7.03765   	
4.372961	35.0356   	13.169164	7.0547    	
4.416594	35.0227   	13.283591	7.07192   	
4.460211	35.0096   	13.397516	7.08931   	
4.503811	34.9964   	13.510938	7.10687   	
4.547394	34.9831   	13.623855	7.12459   	
4.590960	34.9696   	13.736265	7.14248   	
4.634509	34.9561   	13.848164	7.16053   	
4.678041	34.9424   	13.959552	7.17876   	
4.721556	34.9286   	14.070425	7.19714   	
4.765053	34.9146   	14.180783	7.2157    	
4.808532	34.9006   	14.290622	7.23442   	
4.851994	34.8864   	14.399942	7.25331   	
4.895437	34.8721   	14.508739	7.27236   	
4.938862	34.8576   	14.617014	7.29157   	
4.982268	34.8431   	14.724762	7.31096   	
5.025656	34.8284   	14.831984	7.3305    	
5.069025	34.8136   	14.938678	7.35022   	
5.112376	34.7986   	15.044841	7.37009   	
5.155707	34.7836   	15.150473	7.39013   	
5.199018	34.7684   	15.255571	7.41034   	
5.242310	34.7531   	15.360135	7.43071   	
5.285583	34.7376   	15.464163	7.45124   	
5.328836	34.7221   	15.567653	7.47194   	
5.372068	34.7064   	15.670605	7.4928    	
5.415281	34.6906   	15.773018	7.51382   	
5.458473	34.6747   	15.874889	7.535     	
5.501644	34.6587   	15.976219	7.55635   	
5.544795	34.6425   	16.077005	7.57786   	
5.587925	34.6262   	16.177248	7.59954   	
5.631034	34.6098   	16.276945	7.62137   	
5.674121	34.5933   	16.376097	7.64337   	
5.717187	34.5766   	16.474702	7.66553   	
5.760232	34.5599   	16.572759	7.68785   	
5.803254	34.543    	16.670268	7.71033   	
5.846255	34.526    	16.767227	7.73297   	
5.889234	34.5088   	16.863637	7.75578   	
5.932190	34.4916   	16.959497	7.77874   	
5.975124	34.4742   	17.054806	7.80187   	
6.018035	34.4567   	17.149563	7.82515   	
6.060923	34.4391   	17.243768	7.84859   	
6.103788	34.4213   	17.337421	7.8722    	
6.146630	34.4035   	17.430520	7.89596   	
6.189448	34.3855   	17.523067	7.91989   	
6.232243	34.3674   	17.615060	7.94397   	
6.275014	34.3492   	17.706499	7.96821   	
6.317761	34.3309   	17.797384	7.99261   	
6.360484	34.3124   	17.887715	8.01716   	
6.403183	34.2938   	17.977491	8.04188   	
6.445857	34.2752   	18.066713	8.06675   	
6.488506	34.2563   	18.155380	8.09178   	
6.531130	34.2374   	18.243493	8.11697   	
6.573730	34.2184   	18.331051	8.14231   	
6.616304	34.1992   	18.418054	8.16781   	
6.658853	34.1799   	18.504502	8.19347   	
6.701376	34.1605   	18.590396	8.21929   	
6.743873	34.141    	18.675736	8.24526   	
6.786345	34.1214   	18.760521	8.27138   	
6.828790	34.1016   	18.844753	8.29766   	
6.871208	34.0818   	18.928431	8.3241    	
6.913601	34.0618   	19.011555	8.35069   	
6.955966	34.0417   	19.094127	8.37744   	
6.998305	34.0215   	19.176145	8.40434   	
7.040616	34.0012   	19.257611	8.43139   	
7.082900	33.9807   	19.338526	8.4586    	
7.125157	33.9602   	19.418888	8.48596   	
7.167386	33.9395   	19.498700	8.51348   	
7.209587	33.9187   	19.577961	8.54115   	
7.251760	33.8978   	19.656672	8.56897   	
7.293905	33.8768   	19.734834	8.59694   	
7.336021	33.8556   	19.812447	8.62507   	
7.378109	33.8344   	19.889512	8.65335   	
7.420168	33.813    	19.966029	8.68178   	
7.462197	33.7916   	20.041999	8.71036   	
7.504198	33.77     	20.117423	8.73909   	
7.546169	33.7483   	20.192302	8.76798   	
7.588111	33.7264   	20.266636	8.79701   	
7.630023	33.7045   	20.340426	8.82619   	
7.671905	33.6825   	20.413673	8.85553   	
7.713756	33.6603   	20.486378	8.88501   	
7.755577	33.6381   	20.558541	8.91465   	
7.797368	33.6157   	20.630164	8.94443   	
7.839128	33.5932   	20.701248	8.97436   	
7.880857	33.5706   	20.771793	9.00444   	
7.922555	33.5479   	20.841800	9.03467   	
7.964221	33.525    	20.911270	9.06504   	
8.005856	33.5021   	20.980205	9.09557   	
8.047459	33.4791   	21.048605	9.12624   	
8.089031	33.4559   	21.116472	9.15706   	
8.130570	33.4326   	21.183806	9.18802   	
8.172077	33.4093   	21.250608	9.21913   	
8.213551	33.3858   	21.316880	9.25039   	
8.254992	33.3622   	21.382623	9.28179   	
8.296401	33.3385   	21.447838	9.31334   	
8.337776	33.3147   	21.512525	9.34504   	
8.379118	33.2907   	21.576687	9.37687   	
8.420426	33.2667   	21.640325	9.40886   	
8.461701	33.2426   	21.703439	9.44099   	
8.502942	33.2183   	21.766030	9.47326   	
8.544148	33.194    	21.828101	9.50567   	
8.585321	33.1695   	21.889653	9.53823   	
8.626458	33.1449   	21.950686	9.57093   	
8.667561	33.1202   	22.011202	9.60378   	
8.708629	33.0955   	22.071202	9.63676   	
8.749662	33.0706   	22.130687	9.66989   	
8.790659	33.0456   	22.189660	9.70316   	
8.831621	33.0205   	22.248121	9.73657   	
8.872547	32.9953   	22.306072	9.77012   	
8.913437	32.9699   	22.363513	9.80382   	
8.954291	32.9445   	22.420447	9.83765   	
8.995108	32.919    	22.476875	9.87162   	
9.035889	32.8934   	22.532798	9.90574   	
9.076633	32.8676   	22.588217	9.93999   	
9.117339	32.8418   	22.643135	9.97438   	
9.158009	32.8158   	22.697552	10.0089   	
9.198641	32.7898   	22.751471	10.0436   	
9.239236	32.7636   	22.804891	10.0784   	
9.279792	32.7374   	22.857816	10.1133   	
9.320310	32.711    	22.910246	10.1484   	
9.360790	32.6845   	22.962183	10.1836   	
9.401232	32.658    	23.013628	10.219    	
9.441635	32.6313   	23.064584	10.2545   	
9.481999	32.6045   	23.115051	10.2901   	
9.522323	32.5777   	23.165031	10.3259   	
9.562609	32.5507   	23.214525	10.3618   	
9.602854	32.5236   	23.263536	10.3978   	
9.643060	32.4964   	23.312064	10.434    	
9.683226	32.4692   	23.360112	10.4703   	
9.723351	32.4418   	23.407681	10.5067   	
9.763437	32.4143   	23.454771	10.5433   	
9.803481	32.3867   	23.501386	10.58     	
9.843484	32.3591   	23.547527	10.6168   	
9.883447	32.3313   	23.593195	10.6538   	
9.923368	32.3034   	23.638391	10.6909   	
9.963247	32.2754   	23.683118	10.7281   	
10.003085	32.2474   	23.727377	10.7655   	
10.042880	32.2192   	23.771170	10.803    	
10.082633	32.1909   	23.814498	10.8406   	
10.122344	32.1626   	23.857363	10.8783   	
10.162012	32.1341   	23.899766	10.9162   	
10.201638	32.1055   	23.941710	10.9542   	
10.241220	32.0769   	23.983195	10.9924   	
10.280758	32.0481   	24.024224	11.0306   	
10.320254	32.0193   	24.064798	11.069    	
10.359705	31.9903   	24.104919	11.1076   	
10.399112	31.9613   	24.144588	11.1462   	
10.438475	31.9321   	24.183808	11.185    	
10.477794	31.9029   	24.222579	11.2239   	
10.517067	31.8736   	24.260904	11.2629   	
10.556296	31.8441   	24.298783	11.3021   	
10.595480	31.8146   	24.336220	11.3414   	
10.634618	31.785    	24.373215	11.3808   	
10.673711	31.7553   	24.409770	11.4203   	
10.712757	31.7255   	24.445887	11.46     	
10.751758	31.6956   	24.481567	11.4998   	
10.790712	31.6656   	24.516813	11.5397   	
10.829619	31.6355   	24.551625	11.5797   	
10.868480	31.6054   	24.586006	11.6199   	
10.907294	31.5751   	24.619957	11.6601   	
10.946060	31.5448   	24.653479	11.7005   	
10.984779	31.5143   	24.686576	11.741    	
11.023450	31.4838   	24.719247	11.7817   	
11.062073	31.4532   	24.751496	11.8225   	
11.100648	31.4224   	24.783323	11.8633   	
11.139174	31.3916   	24.814730	11.9043   	
11.177652	31.3607   	24.845720	11.9455   	
11.216081	31.3297   	24.876293	11.9867   	
11.254460	31.2987   	24.906451	12.0281   	
11.292790	31.2675   	24.936196	12.0695   	
11.331070	31.2362   	24.965530	12.1111   	
11.369301	31.2049   	24.994454	12.1528   	
11.407481	31.1735   	25.022970	12.1947   	
11.445610	31.1419   	25.051080	12.2366   	
11.483689	31.1103   	25.078785	12.2787   	
11.521718	31.0786   	25.106088	12.3209   	
11.559694	31.0469   	25.132989	12.3632   	
11.597620	31.015    	25.159490	12.4056   	
11.635494	30.983    	25.185593	12.4481   	
11.673316	30.951    	25.211300	12.4907   	
11.711086	30.9189   	25.236613	12.5335   	
11.748803	30.8867   	25.261532	12.5763   	
11.786468	30.8544   	25.286060	12.6193   	
11.824079	30.822    	25.310198	12.6624   	
11.861638	30.7895   	25.333949	12.7056   	
11.899143	30.757    	25.357313	12.7489   	
11.936595	30.7244   	25.380292	12.7924   	
11.973992	30.6916   	25.402888	12.8359   	
12.011336	30.6589   	25.425103	12.8796   	
12.048625	30.626    	25.446938	12.9233   	
12.085859	30.593    	25.468394	12.9672   	
12.123038	30.56     	25.489474	13.0112   	
12.160162	30.5268   	25.510179	13.0552   	
12.197231	30.4936   	25.530511	13.0994   	
12.234244	30.4603   	25.550472	13.1437   	
12.271201	30.427    	25.570062	13.1881   	
12.308101	30.3935   	25.589283	13.2327   	
12.344945	30.36     	25.608138	13.2773   	
12.381732	30.3264   	25.626628	13.322    	
12.418463	30.2927   	25.644754	13.3668   	
12.455135	30.2589   	25.662518	13.4118   	
12.491751	30.2251   	25.679922	13.4568   	
12.528308	30.1912   	25.696966	13.502    	
12.564808	30.1572   	25.713654	13.5472   	
12.601249	30.1231   	25.729986	13.5926   	
12.637631	30.0889   	25.745963	13.638    	
12.673954	30.0547   	25.761589	13.6836   	
12.710218	30.0204   	25.776863	13.7293   	
12.746423	29.986    	25.791788	13.775    	
12.782568	29.9515   	25.806365	13.8209   	
12.818653	29.917    	25.820596	13.8669   	
12.854678	29.8824   	25.834482	13.9129   	
12.890642	29.8477   	25.848025	13.9591   	
12.926545	29.8129   	25.861226	14.0054   	
12.962387	29.7781   	25.874087	14.0517   	
12.998168	29.7432   	25.886610	14.0982   	
13.033887	29.7082   	25.898796	14.1448   	
13.069544	29.6731   	25.910646	14.1914   	
13.105139	29.638    	25.922163	14.2382   	
13.140671	29.6028   	25.933347	14.285    	
13.176141	29.5675   	25.944200	14.332    	
13.211547	29.5322   	25.954723	14.379    	
13.246890	29.4967   	25.964919	14.4262   	
13.282170	29.4613   	25.974788	14.4734   	
13.317385	29.4257   	25.984332	14.5207   	
13.352537	29.3901   	25.993553	14.5681   	
13.387624	29.3544   	26.002452	14.6157   	
13.422646	29.3186   	26.011031	14.6633   	
13.457603	29.2827   	26.019290	14.711    	
13.492494	29.2468   	26.027232	14.7588   	
13.527320	29.2109   	26.034858	14.8066   	
13.562080	29.1748   	26.042169	14.8546   	
13.596774	29.1387   	26.049167	14.9027   	
13.631401	29.1025   	26.055854	14.9508   	
13.665962	29.0663   	26.062230	14.9991   	
13.700455	29.0299   	26.068297	15.0474   	
13.734881	28.9936   	26.074057	15.0958   	
13.769239	28.9571   	26.079511	15.1444   	
13.803529	28.9206   	26.084660	15.193    	
13.837751	28.884    	26.089506	15.2416   	
13.871904	28.8474   	26.094050	15.2904   	
13.905989	28.8106   	26.098294	15.3393   	
13.940004	28.7739   	26.102239	15.3882   	
13.973949	28.737    	26.105887	15.4372   	
14.007825	28.7001   	26.109238	15.4864   	
14.041631	28.6632   	26.112295	15.5356   	
14.075366	28.6261   	26.115058	15.5848   	
14.109030	28.589    	26.117530	15.6342   	
14.142624	28.5519   	26.119710	15.6837   	
14.176146	28.5147   	26.121601	15.7332   	
14.209596	28.4774   	26.123205	15.7828   	
14.242975	28.44     	26.124522	15.8325   	
14.276281	28.4026   	26.125553	15.8823   	
14.309514	28.3652   	26.126301	15.9321   	
14.342675	28.3277   	26.126766	15.9821   	
14.375762	28.2901   	26.126950	16.0321   	
14.408776	28.2524   	26.126854	16.0822   	
14.441716	28.2147   	26.126479	16.1323   	
14.474582	28.177    	26.125827	16.1826   	
14.507373	28.1392   	26.124900	16.2329   	
14.540089	28.1013   	26.123697	16.2833   	
14.572731	28.0634   	26.122221	16.3338   	
14.605297	28.0254   	26.120473	16.3844   	
14.637787	27.9873   	26.118455	16.435    	
14.670201	27.9492   	26.116166	16.4857   	
14.702538	27.9111   	26.113610	16.5365   	
14.734799	27.8729   	26.110787	16.5873   	
14.766983	27.8346   	26.107697	16.6383   	
14.799089	27.7963   	26.104344	16.6893   	
14.831117	27.7579   	26.100727	16.7403   	
14.863068	27.7195   	26.096849	16.7915   	
14.894940	27.681    	26.092709	16.8427   	
14.926733	27.6424   	26.088310	16.894    	
14.958448	27.6039   	26.083654	16.9453   	
14.990082	27.5652   	26.078740	16.9968   	
15.021638	27.5265   	26.073570	17.0483   	
15.053113	27.4878   	26.068145	17.0998   	
15.084507	27.449    	26.062468	17.1515   	
15.115821	27.4101   	26.056538	17.2032   	
15.147054	27.3712   	26.050357	17.2549   	
15.178205	27.3323   	26.043927	17.3068   	
15.209275	27.2933   	26.037248	17.3587   	
15.240262	27.2542   	26.030321	17.4106   	
15.271167	27.2151   	26.023149	17.4627   	
15.301989	27.176    	26.015731	17.5148   	
15.332728	27.1368   	26.008070	17.5669   	
15.363384	27.0975   	26.000166	17.6192   	
15.393956	27.0583   	25.992020	17.6715   	
15.424443	27.0189   	25.983634	17.7238   	
15.454846	26.9795   	25.975009	17.7762   	
15.485164	26.9401   	25.966145	17.8287   	
15.515397	26.9006   	25.957045	17.8812   	
15.545544	26.8611   	25.947709	17.9338   	
15.575605	26.8215   	25.938138	17.9865   	
15.605580	26.7819   	25.928334	18.0392   	
15.635468	26.7423   	25.918297	18.092    	
15.665269	26.7026   	25.908029	18.1448   	
15.694982	26.6628   	25.897531	18.1977   	
15.724608	26.623    	25.886803	18.2507   	
15.754146	26.5832   	25.875848	18.3037   	
15.783595	26.5433   	25.864665	18.3567   	
15.812956	26.5034   	25.853257	18.4099   	
15.842227	26.4635   	25.841624	18.463    	
15.871408	26.4235   	25.829767	18.5163   	
15.900500	26.3834   	25.817687	18.5696   	
15.929501	26.3433   	25.805386	18.6229   	
15.958411	26.3032   	25.792865	18.6763   	
15.987231	26.2631   	25.780124	18.7297   	
16.015959	26.2229   	25.767164	18.7832   	
16.044595	26.1826   	25.753988	18.8368   	
16.073139	26.1424   	25.740595	18.8904   	
16.101590	26.102    	25.726986	18.944    	
16.129948	26.0617   	25.713164	18.9977   	
16.158213	26.0213   	25.699128	19.0515   	
16.186385	25.9809   	25.684880	19.1053   	
16.214462	25.9404   	25.670421	19.1591   	
16.242444	25.8999   	25.655751	19.213    	
16.270332	25.8594   	25.640873	19.267    	
16.298124	25.8188   	25.625786	19.321    	
16.325821	25.7782   	25.610492	19.375    	
16.353422	25.7376   	25.594992	19.4291   	
16.380926	25.6969   	25.579287	19.4832   	
16.408334	25.6562   	25.563377	19.5374   	
16.435644	25.6155   	25.547265	19.5916   	
16.462856	25.5747   	25.530950	19.6459   	
16.489971	25.5339   	25.514434	19.7002   	
16.516987	25.4931   	25.497717	19.7545   	
16.543905	25.4522   	25.480801	19.8089   	
16.570723	25.4113   	25.463687	19.8633   	
16.597441	25.3704   	25.446375	19.9178   	
16.624060	25.3294   	25.428867	19.9723   	
16.650578	25.2884   	25.411163	20.0269   	
16.676995	25.2474   	25.393265	20.0815   	
16.703311	25.2063   	25.375172	20.1361   	
16.729525	25.1653   	25.356888	20.1908   	
16.755638	25.1242   	25.338411	20.2455   	
16.781647	25.083    	25.319743	20.3002   	
16.807554	25.0419   	25.300885	20.355    	
16.833358	25.0007   	25.281838	20.4098   	
16.859058	24.9595   	25.262603	20.4647   	
16.884654	24.9182   	25.243181	20.5196   	
16.910145	24.8769   	25.223572	20.5745   	
16.935531	24.8356   	25.203778	20.6294   	
16.960812	24.7943   	25.183799	20.6844   	
16.985987	24.753    	25.163636	20.7394   	
17.011056	24.7116   	25.143291	20.7945   	
17.036019	24.6702   	25.122763	20.8496   	
17.060874	24.6288   	25.102054	20.9047   	
17.085621	24.5874   	25.081166	20.9599   	
17.110261	24.5459   	25.060097	21.015    	
17.134792	24.5044   	25.038850	21.0703   	
17.159215	24.4629   	25.017426	21.1255   	
17.183528	24.4214   	24.995824	21.1808   	
17.207732	24.3798   	24.974047	21.2361   	
17.231826	24.3383   	24.952095	21.2914   	
17.255809	24.2967   	24.929968	21.3467   	
17.279681	24.2551   	24.907667	21.4021   	
17.303441	24.2134   	24.885194	21.4575   	
17.327090	24.1718   	24.862550	21.5129   	
17.350627	24.1301   	24.839734	21.5684   	
17.374051	24.0884   	24.816748	21.6239   	
17.397361	24.0467   	24.793593	21.6794   	
17.420558	24.005    	24.770269	21.7349   	
17.443641	23.9633   	24.746777	21.7904   	
17.466609	23.9215   	24.723118	21.846    	
17.489462	23.8798   	24.699293	21.9016   	
17.512200	23.838    	24.675303	21.9572   	
17.534822	23.7962   	24.651149	22.0128   	
17.557328	23.7544   	24.626830	22.0685   	
17.579717	23.7125   	24.602348	22.1242   	
17.601988	23.6707   	24.577704	22.1798   	
17.624142	23.6288   	24.552899	22.2355   	
17.646177	23.587    	24.527933	22.2913   	
17.668094	23.5451   	24.502807	22.347    	
17.689892	23.5032   	24.477522	22.4028   	
17.711570	23.4613   	24.452079	22.4585   	
17.733128	23.4193   	24.426477	22.5143   	
17.754566	23.3774   	24.400719	22.5701   	
17.775882	23.3355   	24.374805	22.626    	
17.797078	23.2935   	24.348735	22.6818   	
17.818151	23.2516   	24.322511	22.7376   	
17.839101	23.2096   	24.296133	22.7935   	
17.859929	23.1676   	24.269601	22.8494   	
17.880634	23.1256   	24.242917	22.9053   	
17.901214	23.0836   	24.216081	22.9611   	
17.921670	23.0416   	24.189095	23.0171   	
17.942002	22.9996   	24.161957	23.073    	
17.962208	22.9576   	24.134671	23.1289   	
17.982288	22.9155   	24.107235	23.1848   	
18.002242	22.8735   	24.079651	23.2408   	
18.022069	22.8315   	24.051920	23.2967   	
18.041769	22.7894   	24.024042	23.3527   	
18.061341	22.7474   	23.996018	23.4086   	
18.080785	22.7053   	23.967848	23.4646   	
18.100100	22.6633   	23.939534	23.5206   	
18.119286	22.6212   	23.911076	23.5766   	
18.138342	22.5791   	23.882474	23.6325   	
18.157268	22.5371   	23.853730	23.6885   	
18.176063	22.495    	23.824844	23.7445   	
18.194727	22.4529   	23.795817	23.8005   	
18.213259	22.4109   	23.766649	23.8565   	
18.231658	22.3688   	23.737340	23.9125   	
18.249925	22.3267   	23.707893	23.9685   	
18.268059	22.2846   	23.678307	24.0245   	
18.286059	22.2425   	23.648583	24.0805   	
18.303924	22.2005   	23.618722	24.1365   	
18.321655	22.1584   	23.588724	24.1925   	
18.339250	22.1163   	23.558590	24.2485   	
18.356710	22.0742   	23.528321	24.3045   	
18.374033	22.0322   	23.497917	24.3605   	
18.391219	21.9901   	23.467378	24.4165   	
18.408268	21.948    	23.436707	24.4724   	
18.425179	21.906    	23.405902	24.5284   	
18.441951	21.8639   	23.374965	24.5844   	
18.458584	21.8219   	23.343897	24.6404   	
18.475078	21.7798   	23.312698	24.6963   	
18.491432	21.7378   	23.281368	24.7523   	
18.507645	21.6957   	23.249909	24.8082   	
18.523716	21.6537   	23.218320	24.8642   	
18.539647	21.6117   	23.186604	24.9201   	
18.555435	21.5697   	23.154759	24.976    	
18.571080	21.5276   	23.122787	25.0319   	
18.586582	21.4856   	23.090688	25.0878   	
18.601940	21.4436   	23.058463	25.1437   	
18.617154	21.4016   	23.026113	25.1996   	
18.632222	21.3597   	22.993637	25.2555   	
18.647146	21.3177   	22.961038	25.3113   	
18.661923	21.2757   	22.928314	25.3672   	
18.676554	21.2338   	22.895468	25.423    	
18.691037	21.1918   	22.862499	25.4788   	
18.705373	21.1499   	22.829408	25.5347   	
18.719561	21.108    	22.796196	25.5904   	
18.733599	21.0661   	22.762862	25.6462   	
18.747489	21.0242   	22.729409	25.702    	
18.761229	20.9823   	22.695836	25.7577   	
18.774818	20.9404   	22.662144	25.8134   	
18.788256	20.8986   	22.628333	25.8691   	
18.801542	20.8567   	22.594404	25.9248   	
18.814677	20.8149   	22.560358	25.9805   	
18.827658	20.7731   	22.526194	26.0362   	
18.840486	20.7313   	22.491915	26.0918   	
18.853161	20.6895   	22.457520	26.1474   	
18.865681	20.6477   	22.423009	26.203    	
18.878046	20.606    	22.388384	26.2586   	
18.890255	20.5642   	22.353644	26.3141   	
18.902308	20.5225   	22.318791	26.3696   	
18.914205	20.4808   	22.283825	26.4251   	
18.925944	20.4391   	22.248747	26.4806   	
18.937525	20.3975   	22.213556	26.5361   	
18.948947	20.3558   	22.178254	26.5915   	
18.960211	20.3142   	22.142840	26.6469   	
18.971315	20.2726   	22.107317	26.7023   	
18.982258	20.231    	22.071683	26.7576   	
18.993041	20.1894   	22.035940	26.8129   	
19.003663	20.1479   	22.000088	26.8682   	
19.014122	20.1063   	21.964128	26.9235   	
19.024418	20.0648   	21.928060	26.9787   	
19.034552	20.0233   	21.891884	27.034    	
19.044521	19.9819   	21.855602	27.0891   	
19.054327	19.9404   	21.819213	27.1443   	
19.063967	19.899    	21.782719	27.1994   	
19.073441	19.8576   	21.746119	27.2545   	
19.082750	19.8163   	21.709414	27.3095   	
19.091891	19.7749   	21.672605	27.3646   	
19.100865	19.7336   	21.635692	27.4196   	
19.109671	19.6923   	21.598676	27.4745   	
19.118308	19.651    	21.561556	27.5294   	
19.126776	19.6098   	21.524335	27.5843   	
19.135074	19.5686   	21.487011	27.6392   	
19.143202	19.5274   	21.449586	27.694    	
19.151158	19.4862   	21.412060	27.7488   	
19.158943	19.4451   	21.374433	27.8035   	
19.166555	19.404    	21.336706	27.8582   	
19.173995	19.3629   	21.298880	27.9129   	
19.181261	19.3219   	21.260955	27.9675   	
19.188352	19.2808   	21.222931	28.0221   	
19.195269	19.2399   	21.184809	28.0767   	
19.202010	19.1989   	21.146589	28.1312   	
19.208575	19.158    	21.108272	28.1857   	
19.214964	19.1171   	21.069859	28.2401   	
19.221175	19.0762   	21.031349	28.2945   	
19.227208	19.0354   	20.992743	28.3488   	
19.233063	18.9946   	20.954041	28.4031   	
19.238738	18.9538   	20.915245	28.4574   	
19.244233	18.913    	20.876354	28.5116   	
19.249548	18.8723   	20.837369	28.5658   	
19.254681	18.8317   	20.798291	28.6199   	
19.259633	18.791    	20.759119	28.674    	
19.264402	18.7504   	20.719855	28.728    	
19.268989	18.7099   	20.680498	28.782    	
19.273391	18.6693   	20.641049	28.836    	
19.277609	18.6288   	20.601509	28.8899   	
19.281642	18.5884   	20.561878	28.9437   	
19.285490	18.5479   	20.522156	28.9975   	
19.289151	18.5076   	20.482344	29.0513   	
19.292625	18.4672   	20.442443	29.105    	
19.295911	18.4269   	20.402452	29.1586   	
19.299009	18.3866   	20.362372	29.2122   	
19.301919	18.3464   	20.322204	29.2658   	
19.304638	18.3062   	20.281947	29.3193   	
19.307167	18.266    	20.241603	29.3727   	
19.309506	18.2259   	20.201172	29.4261   	
19.311653	18.1858   	20.160654	29.4794   	
19.313607	18.1458   	20.120050	29.5327   	
19.315369	18.1058   	20.079359	29.586    	
19.316937	18.0658   	20.038583	29.6391   	
19.318311	18.0259   	19.997722	29.6922   	
19.319490	17.986    	19.956776	29.7453   	
19.320474	17.9462   	19.915746	29.7983   	
19.321261	17.9064   	19.874631	29.8513   	
19.321851	17.8667   	19.833433	29.9042   	
19.322244	17.827    	19.792152	29.957    	
19.322439	17.7873   	19.750788	30.0098   	
19.322434	17.7477   	19.709342	30.0625   	
19.322231	17.7082   	19.667814	30.1152   	
19.321826	17.6686   	19.626204	30.1678   	
19.321221	17.6292   	19.584513	30.2203   	
19.320415	17.5897   	19.542741	30.2728   	
19.319406	17.5503   	19.500888	30.3252   	
19.318194	17.511    	19.458955	30.3775   	
19.316778	17.4717   	19.416943	30.4298   	
19.315159	17.4325   	19.374851	30.4821   	
19.313334	17.3933   	19.332681	30.5342   	
19.311303	17.3541   	19.290431	30.5863   	
19.309067	17.315    	19.248104	30.6383   	
19.306623	17.276    	19.205699	30.6903   	
19.303971	17.237    	19.163216	30.7422   	
19.301111	17.198    	19.120656	30.7941   	
19.298042	17.1591   	19.078019	30.8458   	
19.294763	17.1203   	19.035306	30.8975   	
19.291274	17.0815   	18.992517	30.9492   	
19.287574	17.0427   	18.949653	31.0007   	
19.283661	17.004    	18.906713	31.0522   	
19.279537	16.9654   	18.863698	31.1037   	
19.275199	16.9268   	18.820608	31.155    	
19.270647	16.8883   	18.777445	31.2063   	
19.265880	16.8498   	18.734207	31.2575   	
19.260898	16.8114   	18.690896	31.3087   	
19.255701	16.773    	18.647512	31.3597   	
19.250286	16.7347   	18.604055	31.4107   	
19.244655	16.6964   	18.560525	31.4617   	
19.238805	16.6582   	18.516923	31.5125   	
19.232736	16.62     	18.473250	31.5633   	
19.226448	16.5819   	18.429505	31.614    	
19.219940	16.5439   	18.385689	31.6646   	
19.213211	16.5059   	18.341802	31.7152   	
19.206261	16.468    	18.297845	31.7657   	
19.199088	16.4301   	18.253818	31.8161   	
19.191693	16.3923   	18.209721	31.8664   	
19.184074	16.3545   	18.165555	31.9167   	
19.176230	16.3168   	18.121319	31.9668   	
19.168162	16.2792   	18.077015	32.0169   	
19.159868	16.2416   	18.032642	32.0669   	
19.151347	16.2041   	17.988202	32.1169   	
19.142600	16.1666   	17.943693	32.1667   	
19.133624	16.1292   	17.899117	32.2165   	
19.124421	16.0919   	17.854474	32.2662   	
19.114988	16.0546   	17.809764	32.3158   	
19.105325	16.0174   	17.764988	32.3653   	
19.095432	15.9802   	17.720145	32.4148   	
19.085307	15.9431   	17.675237	32.4642   	
19.074950	15.9061   	17.630263	32.5134   	
19.064361	15.8691   	17.585224	32.5626   	
19.053539	15.8322   	17.540120	32.6118   	
19.042482	15.7954   	17.494952	32.6608   	
19.031191	15.7586   	17.449719	32.7097   	
19.019664	15.7219   	17.404423	32.7586   	
19.007902	15.6853   	17.359062	32.8074   	
18.995902	15.6487   	17.313639	32.856    	
18.983665	15.6122   	17.268152	32.9046   	
18.971190	15.5757   	17.222603	32.9532   	
18.958476	15.5393   	17.176991	33.0016   	
18.945522	15.503    	17.131317	33.0499   	
18.932328	15.4667   	17.085581	33.0982   	
18.918893	15.4306   	17.039784	33.1463   	
18.905217	15.3944   	16.993926	33.1944   	
18.891298	15.3584   	16.948006	33.2424   	
18.877136	15.3224   	16.902026	33.2902   	
18.862731	15.2865   	16.855986	33.338    	
18.848081	15.2507   	16.809886	33.3857   	
18.833186	15.2149   	16.763726	33.4333   	
18.818045	15.1792   	16.717506	33.4809   	
18.802658	15.1436   	16.671228	33.5283   	
18.787024	15.108    	16.624890	33.5756   	
18.771142	15.0725   	16.578494	33.6228   	
18.755011	15.0371   	16.532040	33.67     	
18.738632	15.0017   	16.485528	33.717    	
18.722002	14.9665   	16.438958	33.764    	
18.705122	14.9313   	16.392330	33.8108   	
18.687991	14.8961   	16.345646	33.8576   	
18.670608	14.8611   	16.298904	33.9042   	
18.652973	14.8261   	16.252106	33.9508   	
18.635084	14.7912   	16.205252	33.9973   	
18.616942	14.7563   	16.158342	34.0436   	
18.598545	14.7216   	16.111376	34.0899   	
18.579893	14.6869   	16.064354	34.1361   	
18.560985	14.6523   	16.017277	34.1821   	
18.541820	14.6177   	15.970146	34.2281   	
18.522398	14.5833   	15.922959	34.274    	
18.502719	14.5489   	15.875719	34.3197   	
18.482781	14.5146   	15.828424	34.3654   	
18.462584	14.4803   	15.781075	34.4109   	
18.442127	14.4462   	15.733673	34.4564   	
18.421410	14.4121   	15.686217	34.5018   	
18.400431	14.3781   	15.638709	34.547    	
18.379191	14.3442   	15.591148	34.5922   	
18.357689	14.3103   	15.543534	34.6372   	
18.335924	14.2765   	15.495868	34.6821   	
18.313895	14.2429   	15.448150	34.727    	
18.291601	14.2093   	15.400380	34.7717   	
18.269043	14.1757   	15.352559	34.8163   	
18.246219	14.1423   	15.304686	34.8608   	
18.223130	14.1089   	15.256763	34.9053   	
18.199773	14.0756   	15.208789	34.9496   	
18.176149	14.0424   	15.160764	34.9938   	
18.152257	14.0093   	15.112690	35.0378   	
18.128096	13.9762   	15.064565	35.0818   	
18.103666	13.9433   	15.016391	35.1257   	
18.078967	13.9104   	14.968167	35.1694   	
18.053996	13.8776   	14.919894	35.2131   	
18.028755	13.8449   	14.871573	35.2566   	
18.003242	13.8123   	14.823202	35.3001   	
17.977457	13.7797   	14.774783	35.3434   	
17.951399	13.7472   	14.726317	35.3866   	
17.925068	13.7149   	14.677802	35.4297   	
17.898462	13.6826   	14.629239	35.4726   	
17.871582	13.6504   	14.580629	35.5155   	
17.844427	13.6182   	14.531972	35.5583   	
17.816996	13.5862   	14.483268	35.6009   	
17.789289	13.5542   	14.434517	35.6434   	
17.761305	13.5224   	14.385720	35.6858   	
17.733043	13.4906   	14.336876	35.7281   	
17.704504	13.4589   	14.287987	35.7703   	
17.675686	13.4273   	14.239052	35.8124   	
17.646588	13.3958   	14.190071	35.8543   	
17.617212	13.3644   	14.141045	35.8962   	
17.587555	13.333    	14.091974	35.9379   	
17.557617	13.3018   	14.042858	35.9795   	
17.527398	13.2706   	13.993698	36.0209   	
17.496897	13.2395   	13.944493	36.0623   	
17.466114	13.2085   	13.895244	36.1035   	
17.435048	13.1776   	13.845952	36.1447   	
17.403699	13.1468   	13.796616	36.1857   	
17.372066	13.1161   	13.747236	36.2265   	
17.340149	13.0855   	13.697813	36.2673   	
17.307947	13.0549   	13.648347	36.3079   	
17.275459	13.0245   	13.598839	36.3485   	
17.242686	12.9941   	13.549288	36.3889   	
17.209627	12.9639   	13.499695	36.4291   	
17.176280	12.9337   	13.450060	36.4693   	
17.142647	12.9036   	13.400382	36.5093   	
17.108726	12.8736   	13.350664	36.5492   	
17.074517	12.8437   	13.300904	36.589    	
17.040019	12.8139   	13.251103	36.6287   	
17.005232	12.7842   	13.201261	36.6682   	
16.970155	12.7546   	13.151378	36.7076   	
16.934789	12.7251   	13.101454	36.7469   	
16.899133	12.6957   	13.051491	36.7861   	
16.863185	12.6664   	13.001487	36.8251   	
16.826947	12.6371   	12.951444	36.864    	
16.790417	12.608    	12.901361	36.9028   	
16.753595	12.5789   	12.851239	36.9414   	
16.716481	12.55     	12.801077	36.98     	
16.679074	12.5211   	12.750876	37.0184   	
16.641374	12.4924   	12.700637	37.0566   	
16.603380	12.4637   	12.650359	37.0948   	
16.565093	12.4352   	12.600043	37.1328   	
16.526511	12.4067   	12.549689	37.1707   	
16.487635	12.3783   	12.499297	37.2084   	
16.448464	12.3501   	12.448867	37.246    	
16.408998	12.3219   	12.398400	37.2835   	
16.369236	12.2938   	12.347895	37.3209   	
16.329178	12.2658   	12.297353	37.3581   	
16.288824	12.238    	12.246775	37.3952   	
16.248174	12.2102   	12.196160	37.4322   	
16.207227	12.1825   	12.145508	37.469    	
16.165982	12.1549   	12.094820	37.5057   	
16.124441	12.1275   	12.044096	37.5423   	
16.082602	12.1001   	11.993337	37.5787   	
16.040465	12.0728   	11.942541	37.615    	
15.998030	12.0456   	11.891711	37.6512   	
15.955296	12.0186   	11.840845	37.6872   	
15.912264	11.9916   	11.789944	37.7231   	
15.868933	11.9647   	11.739008	37.7589   	
15.825303	11.9379   	11.688037	37.7945   	
15.781374	11.9113   	11.637033	37.83     	
15.737146	11.8847   	11.585994	37.8654   	
15.692618	11.8582   	11.534920	37.9006   	
15.647790	11.8319   	11.483814	37.9357   	
15.602662	11.8056   	11.432673	37.9706   	
15.557234	11.7795   	11.381499	38.0054   	
15.511505	11.7534   	11.330292	38.0401   	
15.465477	11.7275   	11.279052	38.0746   	
15.419147	11.7016   	11.227779	38.109    	
15.372517	11.6759   	11.176473	38.1433   	
15.325587	11.6503   	11.125135	38.1774   	
15.278355	11.6247   	11.073764	38.2113   	
15.230823	11.5993   	11.022362	38.2452   	
15.182989	11.574    	10.970928	38.2789   	
15.134854	11.5488   	10.919461	38.3124   	
15.086419	11.5237   	10.867964	38.3458   	
15.037682	11.4987   	10.816435	38.3791   	
14.988643	11.4738   	10.764875	38.4122   	
14.939304	11.449    	10.713284	38.4452   	
14.889663	11.4243   	10.661663	38.4781   	
14.839721	11.3998   	10.610010	38.5108   	
14.789478	11.3753   	10.558328	38.5433   	
14.738934	11.3509   	10.506615	38.5757   	
14.688088	11.3267   	10.454873	38.608    	
14.636942	11.3025   	10.403100	38.6401   	
14.585494	11.2785   	10.351298	38.6721   	
14.533745	11.2546   	10.299466	38.704    	
14.481695	11.2308   	10.247606	38.7357   	
14.429345	11.2071   	10.195716	38.7672   	
14.376694	11.1835   	10.143797	38.7986   	
14.323742	11.16     	10.091849	38.8299   	
14.270490	11.1366   	10.039873	38.861    	
14.216937	11.1133   	9.987869	38.8919   	
14.163085	11.0902   	9.935837	38.9228   	
14.108932	11.0671   	9.883776	38.9534   	
14.054480	11.0442   	9.831688	38.9839   	
13.999728	11.0214   	9.779572	39.0143   	
13.944677	10.9987   	9.727429	39.0446   	
13.889326	10.9761   	9.675258	39.0746   	
13.833677	10.9536   	9.623061	39.1046   	
13.777729	10.9312   	9.570836	39.1343   	
13.721483	10.9089   	9.518585	39.164    	
13.664938	10.8868   	9.466307	39.1935   	
13.608096	10.8647   	9.414003	39.2228   	
13.550956	10.8428   	9.361673	39.252    	
13.493519	10.821    	9.309316	39.281    	
13.435786	10.7993   	9.256934	39.3099   	
13.377756	10.7777   	9.204526	39.3386   	
13.319429	10.7562   	9.152093	39.3672   	
13.260807	10.7349   	9.099634	39.3956   	
13.201890	10.7136   	9.047150	39.4239   	
13.142678	10.6925   	8.994641	39.452    	
13.083171	10.6715   	8.942107	39.48     	
13.023370	10.6506   	8.889549	39.5078   	
12.963276	10.6298   	8.836966	39.5355   	
12.902889	10.6091   	8.784359	39.563    	
12.842209	10.5885   	8.731728	39.5904   	
12.781236	10.5681   	8.679073	39.6176   	
12.719973	10.5478   	8.626394	39.6447   	
12.658418	10.5275   	8.573691	39.6716   	
12.596572	10.5074   	8.520965	39.6983   	
12.534437	10.4875   	8.468216	39.7249   	
12.472012	10.4676   	8.415443	39.7513   	
12.409299	10.4479   	8.362648	39.7776   	
12.346297	10.4282   	8.309830	39.8037   	
12.283008	10.4087   	8.256989	39.8297   	
12.219431	10.3893   	8.204126	39.8555   	
12.155569	10.37     	8.151240	39.8812   	
12.091421	10.3509   	8.098333	39.9067   	
12.026988	10.3318   	8.045403	39.932    	
11.962271	10.3129   	7.992452	39.9572   	
11.897271	10.2941   	7.939479	39.9822   	
11.831987	10.2754   	7.886485	40.0071   	
11.766422	10.2568   	7.833469	40.0318   	
11.700576	10.2384   	7.780432	40.0564   	
11.634449	10.2201   	7.727374	40.0808   	
11.568043	10.2018   	7.674296	40.105    	
11.501358	10.1837   	7.621196	40.1291   	
11.434396	10.1658   	7.568077	40.153    	
11.367156	10.1479   	7.514937	40.1768   	
11.299640	10.1302   	7.461776	40.2004   	
11.231849	10.1126   	7.408596	40.2238   	
11.163783	10.0951   	7.355396	40.2471   	
11.095444	10.0777   	7.302176	40.2703   	
11.026833	10.0604   	7.248937	40.2932   	
10.957950	10.0433   	7.195678	40.316    	
10.888796	10.0263   	7.142401	40.3387   	
10.819374	10.0094   	7.089104	40.3611   	
10.749682	9.99262   	7.035788	40.3835   	
10.679723	9.97597   	6.982454	40.4056   	
10.609498	9.95944   	6.929101	40.4276   	
10.539008	9.94304   	6.875729	40.4495   	
10.468253	9.92675   	6.822339	40.4711   	
10.397235	9.91059   	6.768932	40.4926   	
10.325955	9.89455   	6.715506	40.514    	
10.254414	9.87863   	6.662062	40.5352   	
10.182614	9.86283   	6.608601	40.5562   	
10.110555	9.84716   	6.555123	40.5771   	
10.038238	9.83161   	6.501627	40.5978   	
9.965666	9.81618   	6.448113	40.6183   	
9.892838	9.80087   	6.394583	40.6387   	
9.819757	9.78569   	6.341036	40.6589   	
9.746424	9.77063   	6.287473	40.6789   	
9.672839	9.7557    	6.233892	40.6988   	
9.599005	9.74089   	6.180296	40.7185   	
9.524922	9.7262    	6.126683	40.738    	
9.450593	9.71163   	6.073054	40.7574   	
9.376017	9.6972    	6.019409	40.7766   	
9.301197	9.68288   	5.965748	40.7957   	
9.226134	9.66869   	5.912072	40.8146   	
9.150830	9.65462   	5.858380	40.8333   	
9.075285	9.64068   	5.804673	40.8518   	
8.999501	9.62686   	5.750951	40.8702   	
8.923481	9.61317   	5.697213	40.8885   	
8.847224	9.59961   	5.643461	40.9065   	
8.770734	9.58616   	5.589694	40.9244   	
8.694010	9.57285   	5.535913	40.9421   	
8.617056	9.55966   	5.482117	40.9597   	
8.539872	9.54659   	5.428306	40.9771   	
8.462460	9.53365   	5.374482	40.9943   	
8.384821	9.52084   	5.320644	41.0113   	
8.306957	9.50815   	5.266791	41.0282   	
8.228870	9.49559   	5.212926	41.0449   	
8.150562	9.48315   	5.159046	41.0615   	
8.072034	9.47084   	5.105153	41.0779   	
7.993287	9.45866   	5.051247	41.0941   	
7.914324	9.4466    	4.997328	41.1101   	
7.835146	9.43467   	4.943396	41.126    	
7.755755	9.42287   	4.889451	41.1417   	
7.676153	9.4112    	4.835494	41.1573   	
7.596340	9.39965   	4.781524	41.1726   	
7.516321	9.38823   	4.727541	41.1878   	
7.436095	9.37693   	4.673547	41.2029   	
7.355665	9.36577   	4.619540	41.2177   	
7.275032	9.35473   	4.565522	41.2324   	
7.194199	9.34381   	4.511491	41.2469   	
7.113168	9.33303   	4.457449	41.2613   	
7.031940	9.32237   	4.403396	41.2755   	
6.950516	9.31185   	4.349331	41.2895   	
6.868900	9.30145   	4.295255	41.3033   	
6.787093	9.29117   	4.241168	41.317    	
6.705097	9.28103   	4.187070	41.3305   	
6.622914	9.27102   	4.132962	41.3438   	
6.540546	9.26113   	4.078843	41.357    	
6.457994	9.25137   	4.024713	41.37     	
6.375262	9.24174   	3.970573	41.3828   	
6.292350	9.23224   	3.916423	41.3954   	
6.209261	9.22287   	3.862262	41.4079   	
6.125998	9.21362   	3.808092	41.4202   	
6.042561	9.20451   	3.753912	41.4323   	
5.958954	9.19552   	3.699723	41.4443   	
5.875178	9.18667   	3.645524	41.4561   	
5.791236	9.17794   	3.591315	41.4677   	
5.707129	9.16934   	3.537098	41.4791   	
5.622860	9.16088   	3.482871	41.4904   	
5.538431	9.15254   	3.428636	41.5015   	
5.453844	9.14433   	3.374392	41.5124   	
5.369101	9.13625   	3.320139	41.5232   	
5.284204	9.1283    	3.265878	41.5338   	
5.199157	9.12048   	3.211608	41.5442   	
5.113960	9.11279   	3.157330	41.5544   	
5.028617	9.10523   	3.103045	41.5645   	
4.943129	9.0978    	3.048751	41.5743   	
4.857498	9.0905    	2.994449	41.5841   	
4.771728	9.08333   	2.940140	41.5936   	
4.685820	9.07629   	2.885824	41.603    	
4.599777	9.06939   	2.831500	41.6122   	
4.513600	9.06261   	2.777169	41.6212   	
4.427293	9.05596   	2.722831	41.63     	
4.340858	9.04944   	2.668486	41.6387   	
4.254297	9.04306   	2.614134	41.6472   	
4.167612	9.0368    	2.559775	41.6555   	
4.080805	9.03068   	2.505410	41.6637   	
3.993880	9.02468   	2.451039	41.6717   	
3.906839	9.01882   	2.396661	41.6795   	
3.819684	9.01309   	2.342278	41.6871   	
3.732417	9.00748   	2.287888	41.6945   	
3.645041	9.00201   	2.233493	41.7018   	
3.557558	8.99668   	2.179092	41.7089   	
3.469971	8.99147   	2.124685	41.7159   	
3.382283	8.98639   	2.070273	41.7226   	
3.294495	8.98144   	2.015856	41.7292   	
3.206611	8.97663   	1.961434	41.7356   	
3.118632	8.97195   	1.907006	41.7418   	
3.030562	8.9674    	1.852574	41.7479   	
2.942402	8.96298   	1.798138	41.7538   	
2.854156	8.95869   	1.743696	41.7595   	
2.765825	8.95453   	1.689251	41.765    	
2.677413	8.9505    	1.634801	41.7704   	
2.588922	8.94661   	1.580346	41.7756   	
2.500354	8.94285   	1.525888	41.7806   	
2.411713	8.93922   	1.471426	41.7854   	
2.323000	8.93572   	1.416961	41.7901   	
2.234219	8.93235   	1.362491	41.7945   	
2.145371	8.92912   	1.308019	41.7988   	
2.056459	8.92601   	1.253543	41.803    	
1.967487	8.92304   	1.199064	41.8069   	
1.878457	8.9202    	1.144581	41.8107   	
1.789370	8.91749   	1.090096	41.8143   	
1.700231	8.91492   	1.035608	41.8177   	
1.611041	8.91247   	0.981118	41.821    	
1.521803	8.91016   	0.926625	41.8241   	
1.432520	8.90798   	0.872130	41.827    	
1.343194	8.90593   	0.817632	41.8297   	
1.253828	8.90402   	0.763133	41.8322   	
1.164425	8.90223   	0.708631	41.8346   	
1.074988	8.90058   	0.654128	41.8368   	
0.985518	8.89906   	0.599623	41.8388   	
0.896019	8.89767   	0.545117	41.8407   	
0.806493	8.89642   	0.490609	41.8424   	
0.716943	8.89529   	0.436100	41.8439   	
0.627372	8.8943    	0.381590	41.8452   	
0.537782	8.89344   	0.327079	41.8463   	
0.448176	8.89272   	0.272567	41.8473   	
0.358557	8.89212   	0.218054	41.8481   	
0.268927	8.89166   	0.163541	41.8487   	
0.179289	8.89133   	0.109028	41.8491   	
0.089646	8.89113   	0.054514	41.8494   	
0.000000	8.89106   	0.000000	41.8495   	
