! Reaction's Kinematics:  Alab & Elab
! 14O + 2H -> 10C + 6Li     or    2H(14O,10C)6Li;       Reaction at the "middle" of the target
! Projectile Energy at the reaction place:  35.00 MeV/u;      Grazing angle:  CMS = 1.53 deg;    Lab = 0.31 deg
! Q reaction : -12.00 MeV  (Excitations 0.0+0.0 -> 3.4+0.0);     Plotted Energy option is "after reaction"
Angle  [Lab-deg]1	Fragment - 10C	Angle  [Lab-deg]2	Residual - 6Li	
0.000000	42.7472   	0.000000	8.33136   	
0.037104	42.7471   	0.141255	8.33147   	
0.074207	42.7469   	0.282504	8.33182   	
0.111310	42.7465   	0.423741	8.3324    	
0.148413	42.7461   	0.564957	8.33322   	
0.185515	42.7454   	0.706148	8.33427   	
0.222616	42.7447   	0.847306	8.33555   	
0.259716	42.7438   	0.988425	8.33706   	
0.296815	42.7427   	1.129499	8.33881   	
0.333913	42.7415   	1.270521	8.34079   	
0.371009	42.7402   	1.411485	8.343     	
0.408103	42.7387   	1.552385	8.34545   	
0.445196	42.7371   	1.693213	8.34813   	
0.482287	42.7354   	1.833963	8.35104   	
0.519375	42.7335   	1.974630	8.35419   	
0.556462	42.7314   	2.115207	8.35756   	
0.593546	42.7293   	2.255686	8.36117   	
0.630627	42.727    	2.396063	8.36502   	
0.667705	42.7245   	2.536331	8.36909   	
0.704781	42.7219   	2.676482	8.3734    	
0.741853	42.7192   	2.816512	8.37794   	
0.778922	42.7163   	2.956414	8.38271   	
0.815988	42.7133   	3.096181	8.38772   	
0.853050	42.7102   	3.235807	8.39296   	
0.890108	42.7069   	3.375287	8.39843   	
0.927162	42.7035   	3.514613	8.40413   	
0.964212	42.6999   	3.653780	8.41006   	
1.001258	42.6962   	3.792782	8.41623   	
1.038299	42.6924   	3.931613	8.42263   	
1.075336	42.6884   	4.070266	8.42926   	
1.112368	42.6843   	4.208735	8.43612   	
1.149395	42.68     	4.347015	8.44322   	
1.186417	42.6756   	4.485100	8.45055   	
1.223434	42.6711   	4.622983	8.45811   	
1.260445	42.6664   	4.760658	8.4659    	
1.297451	42.6616   	4.898121	8.47392   	
1.334451	42.6566   	5.035364	8.48217   	
1.371445	42.6515   	5.172383	8.49066   	
1.408433	42.6463   	5.309171	8.49938   	
1.445414	42.6409   	5.445723	8.50832   	
1.482390	42.6354   	5.582032	8.5175    	
1.519358	42.6297   	5.718095	8.52691   	
1.556320	42.6239   	5.853904	8.53656   	
1.593275	42.618    	5.989454	8.54643   	
1.630223	42.612    	6.124740	8.55653   	
1.667163	42.6057   	6.259756	8.56687   	
1.704096	42.5994   	6.394497	8.57743   	
1.741022	42.5929   	6.528958	8.58823   	
1.777940	42.5863   	6.663132	8.59925   	
1.814850	42.5795   	6.797016	8.61051   	
1.851751	42.5726   	6.930603	8.622     	
1.888645	42.5656   	7.063889	8.63371   	
1.925530	42.5584   	7.196867	8.64566   	
1.962407	42.5511   	7.329534	8.65784   	
1.999274	42.5437   	7.461885	8.67024   	
2.036133	42.5361   	7.593913	8.68288   	
2.072983	42.5284   	7.725614	8.69574   	
2.109823	42.5205   	7.856984	8.70884   	
2.146655	42.5125   	7.988017	8.72216   	
2.183476	42.5043   	8.118709	8.73572   	
2.220288	42.4961   	8.249055	8.7495    	
2.257090	42.4877   	8.379050	8.76351   	
2.293881	42.4791   	8.508689	8.77775   	
2.330663	42.4704   	8.637969	8.79222   	
2.367434	42.4616   	8.766884	8.80692   	
2.404194	42.4526   	8.895430	8.82184   	
2.440944	42.4435   	9.023603	8.83699   	
2.477682	42.4343   	9.151398	8.85238   	
2.514410	42.4249   	9.278810	8.86799   	
2.551126	42.4154   	9.405837	8.88382   	
2.587831	42.4058   	9.532473	8.89989   	
2.624525	42.396    	9.658714	8.91618   	
2.661206	42.3861   	9.784557	8.9327    	
2.697876	42.376    	9.909997	8.94944   	
2.734533	42.3658   	10.035030	8.96642   	
2.771178	42.3555   	10.159652	8.98362   	
2.807811	42.345    	10.283860	9.00104   	
2.844431	42.3344   	10.407650	9.0187    	
2.881039	42.3237   	10.531018	9.03657   	
2.917633	42.3128   	10.653960	9.05468   	
2.954214	42.3018   	10.776472	9.07301   	
2.990782	42.2906   	10.898552	9.09157   	
3.027337	42.2794   	11.020196	9.11035   	
3.063877	42.268    	11.141399	9.12936   	
3.100405	42.2564   	11.262160	9.14859   	
3.136918	42.2447   	11.382474	9.16805   	
3.173416	42.2329   	11.502338	9.18773   	
3.209901	42.2209   	11.621749	9.20763   	
3.246371	42.2089   	11.740703	9.22777   	
3.282827	42.1966   	11.859199	9.24812   	
3.319267	42.1843   	11.977232	9.2687    	
3.355693	42.1718   	12.094800	9.2895    	
3.392103	42.1592   	12.211900	9.31053   	
3.428498	42.1464   	12.328529	9.33178   	
3.464878	42.1335   	12.444684	9.35325   	
3.501242	42.1205   	12.560362	9.37495   	
3.537590	42.1073   	12.675561	9.39686   	
3.573921	42.094    	12.790278	9.41901   	
3.610237	42.0806   	12.904510	9.44137   	
3.646537	42.067    	13.018255	9.46395   	
3.682819	42.0533   	13.131511	9.48676   	
3.719085	42.0395   	13.244275	9.50979   	
3.755335	42.0255   	13.356545	9.53304   	
3.791567	42.0114   	13.468318	9.55651   	
3.827781	41.9972   	13.579593	9.5802    	
3.863979	41.9828   	13.690366	9.60411   	
3.900159	41.9684   	13.800637	9.62825   	
3.936321	41.9537   	13.910402	9.6526    	
3.972465	41.939    	14.019661	9.67717   	
4.008591	41.9241   	14.128410	9.70197   	
4.044699	41.9091   	14.236648	9.72698   	
4.080788	41.8939   	14.344373	9.75221   	
4.116858	41.8786   	14.451584	9.77766   	
4.152910	41.8632   	14.558278	9.80333   	
4.188943	41.8477   	14.664454	9.82922   	
4.224957	41.832    	14.770111	9.85532   	
4.260951	41.8162   	14.875246	9.88165   	
4.296925	41.8002   	14.979858	9.90819   	
4.332881	41.7842   	15.083947	9.93495   	
4.368816	41.768    	15.187509	9.96192   	
4.404731	41.7516   	15.290544	9.98912   	
4.440626	41.7352   	15.393051	10.0165   	
4.476500	41.7186   	15.495029	10.0442   	
4.512354	41.7019   	15.596475	10.072    	
4.548187	41.685    	15.697390	10.1001   	
4.583999	41.668    	15.797771	10.1283   	
4.619790	41.6509   	15.897618	10.1568   	
4.655560	41.6337   	15.996929	10.1855   	
4.691309	41.6163   	16.095705	10.2144   	
4.727035	41.5988   	16.193943	10.2436   	
4.762740	41.5812   	16.291643	10.2729   	
4.798423	41.5635   	16.388804	10.3025   	
4.834084	41.5456   	16.485426	10.3323   	
4.869722	41.5276   	16.581507	10.3622   	
4.905338	41.5094   	16.677047	10.3924   	
4.940931	41.4912   	16.772045	10.4229   	
4.976501	41.4728   	16.866500	10.4535   	
5.012048	41.4543   	16.960413	10.4843   	
5.047571	41.4356   	17.053782	10.5154   	
5.083072	41.4168   	17.146607	10.5466   	
5.118548	41.3979   	17.238888	10.5781   	
5.154001	41.3789   	17.330624	10.6098   	
5.189430	41.3598   	17.421815	10.6417   	
5.224835	41.3405   	17.512460	10.6738   	
5.260215	41.3211   	17.602559	10.7061   	
5.295571	41.3015   	17.692113	10.7386   	
5.330902	41.2819   	17.781120	10.7713   	
5.366208	41.2621   	17.869581	10.8043   	
5.401489	41.2422   	17.957495	10.8374   	
5.436745	41.2222   	18.044863	10.8708   	
5.471975	41.202    	18.131684	10.9044   	
5.507180	41.1817   	18.217959	10.9381   	
5.542359	41.1613   	18.303687	10.9721   	
5.577511	41.1408   	18.388869	11.0063   	
5.612638	41.1201   	18.473504	11.0407   	
5.647738	41.0994   	18.557593	11.0753   	
5.682812	41.0785   	18.641136	11.1101   	
5.717859	41.0574   	18.724133	11.1451   	
5.752879	41.0363   	18.806585	11.1803   	
5.787872	41.015    	18.888491	11.2157   	
5.822837	40.9936   	18.969852	11.2514   	
5.857776	40.9721   	19.050669	11.2872   	
5.892686	40.9505   	19.130941	11.3232   	
5.927568	40.9287   	19.210669	11.3595   	
5.962423	40.9068   	19.289854	11.3959   	
5.997249	40.8848   	19.368496	11.4326   	
6.032047	40.8627   	19.446595	11.4694   	
6.066816	40.8404   	19.524153	11.5065   	
6.101556	40.8181   	19.601168	11.5437   	
6.136268	40.7956   	19.677643	11.5812   	
6.170950	40.773    	19.753578	11.6188   	
6.205603	40.7502   	19.828973	11.6567   	
6.240226	40.7274   	19.903830	11.6947   	
6.274819	40.7044   	19.978148	11.733    	
6.309383	40.6813   	20.051928	11.7714   	
6.343916	40.6581   	20.125172	11.8101   	
6.378419	40.6348   	20.197880	11.8489   	
6.412892	40.6113   	20.270052	11.888    	
6.447334	40.5877   	20.341690	11.9272   	
6.481744	40.5641   	20.412795	11.9667   	
6.516124	40.5403   	20.483367	12.0063   	
6.550473	40.5163   	20.553407	12.0461   	
6.584790	40.4923   	20.622916	12.0862   	
6.619075	40.4681   	20.691896	12.1264   	
6.653328	40.4439   	20.760346	12.1668   	
6.687550	40.4195   	20.828268	12.2074   	
6.721739	40.395    	20.895663	12.2483   	
6.755895	40.3703   	20.962532	12.2893   	
6.790019	40.3456   	21.028877	12.3305   	
6.824111	40.3207   	21.094697	12.3719   	
6.858169	40.2957   	21.159995	12.4134   	
6.892193	40.2707   	21.224770	12.4552   	
6.926185	40.2454   	21.289026	12.4972   	
6.960143	40.2201   	21.352761	12.5394   	
6.994067	40.1947   	21.415979	12.5817   	
7.027956	40.1691   	21.478679	12.6243   	
7.061812	40.1435   	21.540863	12.667    	
7.095633	40.1177   	21.602532	12.7099   	
7.129420	40.0918   	21.663688	12.7531   	
7.163172	40.0658   	21.724332	12.7964   	
7.196889	40.0397   	21.784464	12.8399   	
7.230570	40.0134   	21.844087	12.8836   	
7.264216	39.9871   	21.903201	12.9274   	
7.297827	39.9606   	21.961808	12.9715   	
7.331401	39.934    	22.019909	13.0157   	
7.364940	39.9074   	22.077505	13.0602   	
7.398442	39.8806   	22.134598	13.1048   	
7.431908	39.8537   	22.191189	13.1496   	
7.465338	39.8266   	22.247280	13.1946   	
7.498730	39.7995   	22.302871	13.2398   	
7.532086	39.7723   	22.357965	13.2851   	
7.565404	39.7449   	22.412562	13.3307   	
7.598685	39.7174   	22.466664	13.3764   	
7.631928	39.6899   	22.520272	13.4223   	
7.665133	39.6622   	22.573388	13.4684   	
7.698300	39.6344   	22.626014	13.5147   	
7.731429	39.6065   	22.678150	13.5612   	
7.764520	39.5785   	22.729799	13.6078   	
7.797572	39.5504   	22.780961	13.6546   	
7.830585	39.5221   	22.831638	13.7016   	
7.863558	39.4938   	22.881832	13.7488   	
7.896493	39.4654   	22.931544	13.7962   	
7.929388	39.4368   	22.980775	13.8437   	
7.962243	39.4082   	23.029528	13.8915   	
7.995059	39.3794   	23.077803	13.9394   	
8.027834	39.3505   	23.125603	13.9874   	
8.060569	39.3215   	23.172928	14.0357   	
8.093263	39.2925   	23.219781	14.0841   	
8.125917	39.2633   	23.266162	14.1327   	
8.158529	39.234    	23.312073	14.1815   	
8.191101	39.2046   	23.357517	14.2305   	
8.223631	39.1751   	23.402494	14.2796   	
8.256119	39.1455   	23.447006	14.3289   	
8.288566	39.1157   	23.491054	14.3784   	
8.320971	39.0859   	23.534641	14.428    	
8.353333	39.056    	23.577768	14.4779   	
8.385653	39.026    	23.620436	14.5279   	
8.417930	38.9958   	23.662647	14.578    	
8.450164	38.9656   	23.704403	14.6284   	
8.482356	38.9353   	23.745704	14.6789   	
8.514504	38.9048   	23.786554	14.7296   	
8.546608	38.8743   	23.826953	14.7804   	
8.578669	38.8437   	23.866903	14.8314   	
8.610685	38.8129   	23.906406	14.8826   	
8.642658	38.7821   	23.945463	14.934    	
8.674586	38.7511   	23.984075	14.9855   	
8.706469	38.7201   	24.022246	15.0372   	
8.738308	38.6889   	24.059975	15.0891   	
8.770101	38.6577   	24.097266	15.1411   	
8.801850	38.6264   	24.134119	15.1933   	
8.833553	38.5949   	24.170535	15.2457   	
8.865210	38.5634   	24.206518	15.2982   	
8.896821	38.5317   	24.242068	15.3509   	
8.928386	38.5      	24.277187	15.4037   	
8.959904	38.4681   	24.311877	15.4567   	
8.991376	38.4362   	24.346138	15.5099   	
9.022801	38.4042   	24.379974	15.5633   	
9.054180	38.3721   	24.413386	15.6168   	
9.085510	38.3398   	24.446374	15.6704   	
9.116794	38.3075   	24.478942	15.7242   	
9.148029	38.2751   	24.511090	15.7782   	
9.179217	38.2426   	24.542820	15.8324   	
9.210357	38.21     	24.574134	15.8867   	
9.241448	38.1773   	24.605033	15.9411   	
9.272490	38.1445   	24.635520	15.9957   	
9.303484	38.1116   	24.665595	16.0505   	
9.334428	38.0786   	24.695261	16.1055   	
9.365324	38.0455   	24.724519	16.1605   	
9.396169	38.0123   	24.753370	16.2158   	
9.426965	37.979    	24.781817	16.2712   	
9.457711	37.9457   	24.809861	16.3267   	
9.488407	37.9122   	24.837503	16.3824   	
9.519052	37.8787   	24.864746	16.4383   	
9.549647	37.845    	24.891591	16.4943   	
9.580190	37.8113   	24.918039	16.5505   	
9.610683	37.7775   	24.944092	16.6068   	
9.641124	37.7436   	24.969753	16.6633   	
9.671514	37.7096   	24.995021	16.7199   	
9.701851	37.6755   	25.019900	16.7767   	
9.732137	37.6413   	25.044390	16.8336   	
9.762370	37.607    	25.068494	16.8907   	
9.792551	37.5727   	25.092213	16.9479   	
9.822679	37.5382   	25.115548	17.0052   	
9.852754	37.5037   	25.138502	17.0628   	
9.882775	37.4691   	25.161075	17.1204   	
9.912744	37.4343   	25.183270	17.1782   	
9.942658	37.3995   	25.205088	17.2362   	
9.972518	37.3647   	25.226531	17.2943   	
10.002325	37.3297   	25.247599	17.3525   	
10.032076	37.2946   	25.268296	17.4109   	
10.061773	37.2595   	25.288622	17.4694   	
10.091416	37.2242   	25.308579	17.5281   	
10.121003	37.1889   	25.328169	17.5869   	
10.150534	37.1535   	25.347393	17.6459   	
10.180010	37.118    	25.366253	17.705    	
10.209430	37.0824   	25.384750	17.7642   	
10.238794	37.0468   	25.402887	17.8236   	
10.268101	37.011    	25.420664	17.8831   	
10.297352	36.9752   	25.438083	17.9427   	
10.326546	36.9393   	25.455145	18.0025   	
10.355683	36.9033   	25.471853	18.0625   	
10.384763	36.8672   	25.488208	18.1225   	
10.413784	36.8311   	25.504212	18.1827   	
10.442748	36.7949   	25.519865	18.2431   	
10.471654	36.7585   	25.535169	18.3036   	
10.500502	36.7221   	25.550127	18.3642   	
10.529291	36.6857   	25.564740	18.4249   	
10.558021	36.6491   	25.579008	18.4858   	
10.586692	36.6125   	25.592934	18.5468   	
10.615304	36.5757   	25.606519	18.6079   	
10.643856	36.539    	25.619765	18.6692   	
10.672348	36.5021   	25.632674	18.7306   	
10.700780	36.4651   	25.645246	18.7922   	
10.729151	36.4281   	25.657483	18.8538   	
10.757462	36.391    	25.669387	18.9156   	
10.785713	36.3538   	25.680959	18.9775   	
10.813902	36.3165   	25.692201	19.0396   	
10.842029	36.2792   	25.703114	19.1018   	
10.870096	36.2418   	25.713700	19.1641   	
10.898100	36.2043   	25.723960	19.2265   	
10.926042	36.1667   	25.733896	19.2891   	
10.953921	36.1291   	25.743509	19.3517   	
10.981738	36.0914   	25.752801	19.4145   	
11.009492	36.0536   	25.761773	19.4775   	
11.037183	36.0157   	25.770426	19.5405   	
11.064811	35.9778   	25.778763	19.6037   	
11.092374	35.9398   	25.786784	19.667    	
11.119874	35.9017   	25.794490	19.7304   	
11.147310	35.8635   	25.801884	19.7939   	
11.174681	35.8253   	25.808967	19.8576   	
11.201987	35.787    	25.815741	19.9214   	
11.229228	35.7486   	25.822205	19.9853   	
11.256404	35.7102   	25.828363	20.0493   	
11.283514	35.6717   	25.834216	20.1134   	
11.310559	35.6331   	25.839764	20.1777   	
11.337538	35.5944   	25.845010	20.242    	
11.364450	35.5557   	25.849954	20.3065   	
11.391295	35.5169   	25.854598	20.3711   	
11.418074	35.4781   	25.858944	20.4358   	
11.444786	35.4391   	25.862993	20.5006   	
11.471430	35.4001   	25.866746	20.5655   	
11.498006	35.3611   	25.870205	20.6306   	
11.524515	35.3219   	25.873370	20.6958   	
11.550955	35.2828   	25.876244	20.761    	
11.577327	35.2435   	25.878828	20.8264   	
11.603630	35.2042   	25.881122	20.8919   	
11.629864	35.1648   	25.883130	20.9575   	
11.656029	35.1253   	25.884851	21.0232   	
11.682124	35.0858   	25.886287	21.089    	
11.708149	35.0462   	25.887439	21.1549   	
11.734104	35.0065   	25.888309	21.221    	
11.759989	34.9668   	25.888898	21.2871   	
11.785803	34.9271   	25.889208	21.3533   	
11.811546	34.8872   	25.889239	21.4197   	
11.837217	34.8473   	25.888994	21.4861   	
11.862818	34.8073   	25.888473	21.5527   	
11.888346	34.7673   	25.887677	21.6193   	
11.913802	34.7272   	25.886608	21.6861   	
11.939186	34.6871   	25.885268	21.7529   	
11.964498	34.6469   	25.883656	21.8199   	
11.989736	34.6066   	25.881776	21.8869   	
12.014901	34.5663   	25.879628	21.9541   	
12.039993	34.5259   	25.877212	22.0213   	
12.065011	34.4854   	25.874532	22.0887   	
12.089954	34.4449   	25.871587	22.1561   	
12.114824	34.4044   	25.868379	22.2237   	
12.139619	34.3638   	25.864910	22.2913   	
12.164339	34.3231   	25.861180	22.3591   	
12.188983	34.2823   	25.857191	22.4269   	
12.213552	34.2416   	25.852943	22.4948   	
12.238046	34.2007   	25.848439	22.5628   	
12.262463	34.1598   	25.843680	22.6309   	
12.286804	34.1188   	25.838666	22.6991   	
12.311068	34.0778   	25.833398	22.7674   	
12.335256	34.0368   	25.827879	22.8358   	
12.359366	33.9956   	25.822109	22.9043   	
12.383398	33.9545   	25.816090	22.9729   	
12.407353	33.9132   	25.809822	23.0415   	
12.431229	33.872    	25.803307	23.1102   	
12.455028	33.8306   	25.796546	23.1791   	
12.478747	33.7892   	25.789540	23.248    	
12.502387	33.7478   	25.782290	23.317    	
12.525949	33.7063   	25.774797	23.3861   	
12.549430	33.6648   	25.767064	23.4552   	
12.572832	33.6232   	25.759090	23.5245   	
12.596153	33.5816   	25.750877	23.5938   	
12.619394	33.5399   	25.742426	23.6632   	
12.642554	33.4981   	25.733738	23.7327   	
12.665633	33.4564   	25.724814	23.8023   	
12.688631	33.4145   	25.715656	23.872    	
12.711546	33.3726   	25.706265	23.9417   	
12.734380	33.3307   	25.696641	24.0115   	
12.757132	33.2887   	25.686785	24.0814   	
12.779801	33.2467   	25.676700	24.1514   	
12.802387	33.2046   	25.666386	24.2214   	
12.824889	33.1625   	25.655844	24.2916   	
12.847309	33.1204   	25.645074	24.3618   	
12.869644	33.0782   	25.634079	24.4321   	
12.891895	33.0359   	25.622860	24.5024   	
12.914062	32.9936   	25.611417	24.5728   	
12.936144	32.9513   	25.599751	24.6433   	
12.958141	32.9089   	25.587864	24.7139   	
12.980052	32.8665   	25.575756	24.7845   	
13.001878	32.824    	25.563429	24.8553   	
13.023618	32.7815   	25.550883	24.926    	
13.045271	32.739    	25.538121	24.9969   	
13.066838	32.6964   	25.525142	25.0678   	
13.088318	32.6538   	25.511948	25.1388   	
13.109710	32.6111   	25.498539	25.2098   	
13.131015	32.5684   	25.484918	25.281    	
13.152232	32.5256   	25.471084	25.3521   	
13.173361	32.4828   	25.457039	25.4234   	
13.194401	32.44     	25.442785	25.4947   	
13.215353	32.3971   	25.428321	25.5661   	
13.236215	32.3542   	25.413649	25.6375   	
13.256987	32.3113   	25.398769	25.709    	
13.277670	32.2683   	25.383684	25.7806   	
13.298263	32.2253   	25.368394	25.8522   	
13.318765	32.1823   	25.352899	25.9239   	
13.339177	32.1392   	25.337201	25.9957   	
13.359497	32.0961   	25.321301	26.0675   	
13.379726	32.0529   	25.305200	26.1393   	
13.399863	32.0097   	25.288898	26.2112   	
13.419908	31.9665   	25.272398	26.2832   	
13.439861	31.9232   	25.255699	26.3553   	
13.459721	31.8799   	25.238802	26.4273   	
13.479488	31.8366   	25.221709	26.4995   	
13.499161	31.7933   	25.204420	26.5717   	
13.518741	31.7499   	25.186937	26.6439   	
13.538226	31.7065   	25.169260	26.7162   	
13.557617	31.663    	25.151391	26.7886   	
13.576914	31.6195   	25.133329	26.861    	
13.596115	31.576    	25.115077	26.9334   	
13.615221	31.5325   	25.096635	27.0059   	
13.634232	31.4889   	25.078004	27.0785   	
13.653146	31.4453   	25.059184	27.1511   	
13.671964	31.4017   	25.040177	27.2237   	
13.690685	31.358    	25.020984	27.2964   	
13.709309	31.3143   	25.001606	27.3692   	
13.727836	31.2706   	24.982043	27.4419   	
13.746265	31.2269   	24.962296	27.5148   	
13.764595	31.1831   	24.942366	27.5876   	
13.782828	31.1394   	24.922254	27.6606   	
13.800961	31.0955   	24.901962	27.7335   	
13.818996	31.0517   	24.881489	27.8065   	
13.836931	31.0078   	24.860836	27.8796   	
13.854766	30.964    	24.840005	27.9526   	
13.872501	30.92     	24.818997	28.0257   	
13.890136	30.8761   	24.797812	28.0989   	
13.907670	30.8322   	24.776451	28.1721   	
13.925103	30.7882   	24.754914	28.2453   	
13.942434	30.7442   	24.733204	28.3186   	
13.959663	30.7002   	24.711320	28.3919   	
13.976790	30.6561   	24.689263	28.4652   	
13.993815	30.612    	24.667035	28.5386   	
14.010736	30.568    	24.644635	28.612    	
14.027555	30.5239   	24.622066	28.6855   	
14.044270	30.4797   	24.599327	28.7589   	
14.060880	30.4356   	24.576420	28.8324   	
14.077387	30.3914   	24.553345	28.906    	
14.093789	30.3473   	24.530103	28.9795   	
14.110086	30.3031   	24.506694	29.0531   	
14.126277	30.2589   	24.483121	29.1267   	
14.142363	30.2146   	24.459383	29.2004   	
14.158343	30.1704   	24.435481	29.2741   	
14.174216	30.1261   	24.411417	29.3478   	
14.189982	30.0818   	24.387190	29.4215   	
14.205642	30.0376   	24.362801	29.4953   	
14.221193	29.9932   	24.338252	29.569    	
14.236637	29.9489   	24.313544	29.6428   	
14.251973	29.9046   	24.288676	29.7167   	
14.267200	29.8602   	24.263649	29.7905   	
14.282318	29.8159   	24.238465	29.8644   	
14.297327	29.7715   	24.213125	29.9383   	
14.312227	29.7271   	24.187628	30.0122   	
14.327016	29.6827   	24.161975	30.0861   	
14.341695	29.6383   	24.136168	30.16     	
14.356263	29.5939   	24.110208	30.234    	
14.370720	29.5495   	24.084094	30.308    	
14.385065	29.5051   	24.057827	30.382    	
14.399299	29.4606   	24.031409	30.456    	
14.413420	29.4162   	24.004840	30.53     	
14.427429	29.3717   	23.978121	30.604    	
14.441325	29.3272   	23.951252	30.6781   	
14.455107	29.2827   	23.924235	30.7522   	
14.468776	29.2383   	23.897069	30.8262   	
14.482331	29.1938   	23.869756	30.9003   	
14.495771	29.1493   	23.842296	30.9744   	
14.509097	29.1048   	23.814690	31.0485   	
14.522307	29.0603   	23.786939	31.1226   	
14.535402	29.0157   	23.759043	31.1968   	
14.548381	28.9712   	23.731003	31.2709   	
14.561243	28.9267   	23.702820	31.345    	
14.573989	28.8822   	23.674495	31.4192   	
14.586618	28.8377   	23.646027	31.4933   	
14.599129	28.7931   	23.617419	31.5675   	
14.611523	28.7486   	23.588669	31.6416   	
14.623798	28.7041   	23.559780	31.7158   	
14.635955	28.6595   	23.530752	31.7899   	
14.647993	28.615    	23.501585	31.8641   	
14.659912	28.5704   	23.472280	31.9383   	
14.671711	28.5259   	23.442838	32.0124   	
14.683390	28.4814   	23.413259	32.0866   	
14.694948	28.4368   	23.383545	32.1608   	
14.706386	28.3923   	23.353695	32.2349   	
14.717702	28.3478   	23.323710	32.3091   	
14.728897	28.3032   	23.293592	32.3832   	
14.739970	28.2587   	23.263340	32.4574   	
14.750920	28.2142   	23.232955	32.5315   	
14.761748	28.1697   	23.202438	32.6056   	
14.772453	28.1251   	23.171790	32.6798   	
14.783034	28.0806   	23.141011	32.7539   	
14.793491	28.0361   	23.110102	32.828    	
14.803824	27.9916   	23.079063	32.9021   	
14.814032	27.9471   	23.047895	32.9762   	
14.824115	27.9026   	23.016598	33.0503   	
14.834073	27.8581   	22.985174	33.1244   	
14.843905	27.8137   	22.953623	33.1984   	
14.853610	27.7692   	22.921945	33.2725   	
14.863189	27.7247   	22.890141	33.3465   	
14.872641	27.6803   	22.858211	33.4206   	
14.881966	27.6358   	22.826157	33.4946   	
14.891163	27.5914   	22.793979	33.5686   	
14.900231	27.547    	22.761677	33.6425   	
14.909172	27.5026   	22.729252	33.7165   	
14.917983	27.4582   	22.696705	33.7904   	
14.926664	27.4138   	22.664035	33.8644   	
14.935217	27.3694   	22.631245	33.9383   	
14.943638	27.325    	22.598334	34.0122   	
14.951930	27.2806   	22.565302	34.086    	
14.960090	27.2363   	22.532151	34.1599   	
14.968119	27.192    	22.498881	34.2337   	
14.976017	27.1476   	22.465493	34.3075   	
14.983782	27.1033   	22.431987	34.3813   	
14.991415	27.059    	22.398363	34.455    	
14.998914	27.0148   	22.364622	34.5288   	
15.006281	26.9705   	22.330766	34.6025   	
15.013514	26.9263   	22.296794	34.6761   	
15.020612	26.882    	22.262706	34.7498   	
15.027577	26.8378   	22.228504	34.8234   	
15.034406	26.7936   	22.194188	34.897    	
15.041100	26.7495   	22.159759	34.9706   	
15.047658	26.7053   	22.125216	35.0441   	
15.054080	26.6612   	22.090561	35.1176   	
15.060366	26.617    	22.055795	35.1911   	
15.066515	26.5729   	22.020916	35.2645   	
15.072526	26.5288   	21.985928	35.3379   	
15.078400	26.4848   	21.950828	35.4113   	
15.084136	26.4407   	21.915619	35.4846   	
15.089733	26.3967   	21.880301	35.5579   	
15.095191	26.3527   	21.844874	35.6312   	
15.100510	26.3087   	21.809338	35.7044   	
15.105689	26.2648   	21.773695	35.7776   	
15.110729	26.2208   	21.737945	35.8508   	
15.115627	26.1769   	21.702088	35.9239   	
15.120385	26.1331   	21.666125	35.997    	
15.125001	26.0892   	21.630056	36.07     	
15.129476	26.0454   	21.593882	36.143    	
15.133808	26.0015   	21.557603	36.216    	
15.137998	25.9578   	21.521220	36.2889   	
15.142045	25.914    	21.484733	36.3618   	
15.145949	25.8703   	21.448143	36.4346   	
15.149709	25.8265   	21.411451	36.5074   	
15.153324	25.7829   	21.374656	36.5801   	
15.156795	25.7392   	21.337759	36.6528   	
15.160122	25.6956   	21.300761	36.7254   	
15.163302	25.652    	21.263662	36.798    	
15.166337	25.6084   	21.226463	36.8706   	
15.169226	25.5649   	21.189164	36.9431   	
15.171968	25.5214   	21.151765	37.0155   	
15.174564	25.4779   	21.114268	37.088    	
15.177011	25.4344   	21.076672	37.1603   	
15.179311	25.391    	21.038978	37.2326   	
15.181463	25.3476   	21.001187	37.3049   	
15.183466	25.3043   	20.963298	37.377    	
15.185320	25.261    	20.925313	37.4492   	
15.187025	25.2177   	20.887232	37.5213   	
15.188580	25.1744   	20.849055	37.5933   	
15.189984	25.1312   	20.810783	37.6653   	
15.191238	25.088    	20.772416	37.7372   	
15.192341	25.0448   	20.733955	37.8091   	
15.193293	25.0017   	20.695400	37.8809   	
15.194092	24.9586   	20.656751	37.9526   	
15.194739	24.9156   	20.618010	38.0243   	
15.195234	24.8726   	20.579176	38.0959   	
15.195575	24.8296   	20.540249	38.1675   	
15.195763	24.7866   	20.501231	38.239    	
15.195797	24.7437   	20.462122	38.3104   	
15.195676	24.7009   	20.422922	38.3818   	
15.195401	24.6581   	20.383631	38.4531   	
15.194971	24.6153   	20.344251	38.5244   	
15.194385	24.5725   	20.304781	38.5956   	
15.193644	24.5298   	20.265222	38.6667   	
15.192746	24.4871   	20.225574	38.7377   	
15.191691	24.4445   	20.185838	38.8087   	
15.190479	24.4019   	20.146014	38.8796   	
15.189109	24.3594   	20.106102	38.9505   	
15.187582	24.3169   	20.066104	39.0213   	
15.185896	24.2744   	20.026019	39.092    	
15.184051	24.232    	19.985847	39.1626   	
15.182047	24.1896   	19.945590	39.2332   	
15.179884	24.1473   	19.905248	39.3037   	
15.177561	24.105    	19.864820	39.3741   	
15.175077	24.0627   	19.824308	39.4445   	
15.172432	24.0205   	19.783712	39.5148   	
15.169626	23.9784   	19.743032	39.585    	
15.166659	23.9362   	19.702268	39.6551   	
15.163530	23.8942   	19.661422	39.7251   	
15.160238	23.8522   	19.620493	39.7951   	
15.156783	23.8102   	19.579482	39.865    	
15.153166	23.7682   	19.538389	39.9348   	
15.149384	23.7264   	19.497214	40.0046   	
15.145439	23.6845   	19.455959	40.0742   	
15.141329	23.6427   	19.414623	40.1438   	
15.137055	23.601    	19.373206	40.2133   	
15.132615	23.5593   	19.331710	40.2827   	
15.128010	23.5177   	19.290134	40.352    	
15.123239	23.4761   	19.248479	40.4213   	
15.118301	23.4346   	19.206745	40.4905   	
15.113197	23.3931   	19.164933	40.5595   	
15.107925	23.3516   	19.123043	40.6285   	
15.102486	23.3103   	19.081075	40.6975   	
15.096879	23.2689   	19.039031	40.7663   	
15.091104	23.2276   	18.996909	40.835    	
15.085160	23.1864   	18.954710	40.9037   	
15.079046	23.1452   	18.912436	40.9722   	
15.072764	23.1041   	18.870085	41.0407   	
15.066311	23.0631   	18.827659	41.1091   	
15.059688	23.022    	18.785159	41.1774   	
15.052895	22.9811   	18.742583	41.2456   	
15.045930	22.9402   	18.699933	41.3137   	
15.038794	22.8993   	18.657209	41.3817   	
15.031486	22.8585   	18.614411	41.4496   	
15.024006	22.8178   	18.571541	41.5175   	
15.016353	22.7771   	18.528597	41.5852   	
15.008528	22.7365   	18.485580	41.6528   	
15.000529	22.696    	18.442491	41.7204   	
14.992356	22.6554   	18.399331	41.7878   	
14.984009	22.615    	18.356099	41.8552   	
14.975488	22.5746   	18.312795	41.9224   	
14.966791	22.5343   	18.269421	41.9896   	
14.957920	22.494    	18.225976	42.0567   	
14.948873	22.4538   	18.182461	42.1236   	
14.939650	22.4137   	18.138876	42.1905   	
14.930251	22.3736   	18.095222	42.2572   	
14.920674	22.3335   	18.051498	42.3239   	
14.910921	22.2936   	18.007706	42.3904   	
14.900990	22.2537   	17.963845	42.4569   	
14.890882	22.2138   	17.919916	42.5232   	
14.880595	22.1741   	17.875919	42.5894   	
14.870130	22.1343   	17.831854	42.6556   	
14.859486	22.0947   	17.787723	42.7216   	
14.848662	22.0551   	17.743524	42.7875   	
14.837659	22.0156   	17.699259	42.8533   	
14.826476	21.9761   	17.654927	42.919    	
14.815113	21.9367   	17.610530	42.9846   	
14.803568	21.8974   	17.566067	43.0501   	
14.791843	21.8581   	17.521539	43.1155   	
14.779936	21.8189   	17.476946	43.1808   	
14.767848	21.7798   	17.432288	43.2459   	
14.755577	21.7408   	17.387565	43.311    	
14.743124	21.7018   	17.342779	43.3759   	
14.730488	21.6628   	17.297929	43.4407   	
14.717669	21.624    	17.253016	43.5054   	
14.704667	21.5852   	17.208039	43.57     	
14.691480	21.5465   	17.163000	43.6345   	
14.678110	21.5078   	17.117898	43.6989   	
14.664555	21.4692   	17.072735	43.7631   	
14.650815	21.4307   	17.027509	43.8273   	
14.636890	21.3923   	16.982221	43.8913   	
14.622779	21.3539   	16.936873	43.9552   	
14.608483	21.3156   	16.891463	44.0189   	
14.594000	21.2774   	16.845993	44.0826   	
14.579331	21.2392   	16.800462	44.1461   	
14.564475	21.2011   	16.754871	44.2095   	
14.549432	21.1631   	16.709221	44.2728   	
14.534201	21.1252   	16.663511	44.336    	
14.518783	21.0873   	16.617742	44.3991   	
14.503176	21.0495   	16.571913	44.462    	
14.487381	21.0118   	16.526027	44.5248   	
14.471398	20.9742   	16.480081	44.5875   	
14.455225	20.9366   	16.434078	44.65     	
14.438863	20.8991   	16.388017	44.7125   	
14.422312	20.8617   	16.341899	44.7748   	
14.405570	20.8244   	16.295723	44.8369   	
14.388638	20.7871   	16.249491	44.899    	
14.371516	20.7499   	16.203202	44.9609   	
14.354203	20.7128   	16.156856	45.0227   	
14.336699	20.6758   	16.110455	45.0844   	
14.319003	20.6388   	16.063997	45.1459   	
14.301116	20.6019   	16.017485	45.2073   	
14.283036	20.5651   	15.970916	45.2686   	
14.264765	20.5284   	15.924293	45.3297   	
14.246300	20.4918   	15.877616	45.3907   	
14.227644	20.4552   	15.830884	45.4516   	
14.208793	20.4187   	15.784097	45.5124   	
14.189750	20.3824   	15.737257	45.573    	
14.170513	20.346    	15.690363	45.6334   	
14.151082	20.3098   	15.643416	45.6938   	
14.131457	20.2736   	15.596416	45.754    	
14.111637	20.2376   	15.549363	45.8141   	
14.091623	20.2016   	15.502258	45.874    	
14.071414	20.1657   	15.455100	45.9338   	
14.051010	20.1298   	15.407890	45.9934   	
14.030410	20.0941   	15.360628	46.053    	
14.009615	20.0584   	15.313315	46.1123   	
13.988623	20.0229   	15.265951	46.1716   	
13.967436	19.9874   	15.218536	46.2307   	
13.946052	19.952    	15.171070	46.2896   	
13.924471	19.9167   	15.123554	46.3484   	
13.902694	19.8814   	15.075987	46.4071   	
13.880720	19.8463   	15.028371	46.4656   	
13.858548	19.8112   	14.980704	46.524    	
13.836179	19.7762   	14.932989	46.5823   	
13.813612	19.7413   	14.885224	46.6404   	
13.790847	19.7065   	14.837410	46.6983   	
13.767884	19.6718   	14.789548	46.7561   	
13.744723	19.6372   	14.741637	46.8138   	
13.721363	19.6027   	14.693678	46.8713   	
13.697804	19.5682   	14.645671	46.9287   	
13.674047	19.5339   	14.597616	46.9859   	
13.650090	19.4996   	14.549514	47.0429   	
13.625934	19.4654   	14.501365	47.0999   	
13.601578	19.4313   	14.453169	47.1566   	
13.577023	19.3973   	14.404926	47.2133   	
13.552268	19.3634   	14.356636	47.2697   	
13.527313	19.3296   	14.308301	47.326    	
13.502158	19.2958   	14.259919	47.3822   	
13.476802	19.2622   	14.211492	47.4382   	
13.451246	19.2287   	14.163019	47.4941   	
13.425490	19.1952   	14.114501	47.5498   	
13.399532	19.1618   	14.065937	47.6053   	
13.373373	19.1286   	14.017329	47.6607   	
13.347014	19.0954   	13.968677	47.716    	
13.320453	19.0623   	13.919980	47.7711   	
13.293691	19.0293   	13.871239	47.826    	
13.266727	18.9964   	13.822454	47.8808   	
13.239562	18.9636   	13.773625	47.9354   	
13.212194	18.9309   	13.724753	47.9899   	
13.184625	18.8983   	13.675838	48.0442   	
13.156855	18.8658   	13.626880	48.0983   	
13.128881	18.8334   	13.577879	48.1523   	
13.100706	18.8011   	13.528836	48.2061   	
13.072329	18.7688   	13.479751	48.2598   	
13.043749	18.7367   	13.430623	48.3133   	
13.014967	18.7047   	13.381454	48.3666   	
12.985982	18.6727   	13.332243	48.4198   	
12.956794	18.6409   	13.282990	48.4728   	
12.927404	18.6092   	13.233697	48.5257   	
12.897811	18.5775   	13.184362	48.5783   	
12.868015	18.546    	13.134987	48.6309   	
12.838016	18.5145   	13.085572	48.6832   	
12.807815	18.4832   	13.036116	48.7354   	
12.777410	18.4519   	12.986620	48.7875   	
12.746802	18.4208   	12.937084	48.8393   	
12.715992	18.3898   	12.887509	48.891    	
12.684978	18.3588   	12.837894	48.9425   	
12.653761	18.328    	12.788240	48.9939   	
12.622341	18.2972   	12.738547	49.0451   	
12.590717	18.2666   	12.688815	49.0961   	
12.558891	18.2361   	12.639045	49.147    	
12.526861	18.2056   	12.589237	49.1976   	
12.494628	18.1753   	12.539390	49.2482   	
12.462192	18.145    	12.489506	49.2985   	
12.429553	18.1149   	12.439583	49.3487   	
12.396710	18.0849   	12.389624	49.3987   	
12.363664	18.055    	12.339627	49.4485   	
12.330416	18.0252   	12.289593	49.4981   	
12.296964	17.9954   	12.239522	49.5476   	
12.263309	17.9658   	12.189414	49.5969   	
12.229451	17.9363   	12.139270	49.6461   	
12.195390	17.9069   	12.089090	49.695    	
12.161126	17.8776   	12.038874	49.7438   	
12.126659	17.8484   	11.988621	49.7924   	
12.091990	17.8194   	11.938334	49.8408   	
12.057117	17.7904   	11.888011	49.8891   	
12.022043	17.7615   	11.837652	49.9372   	
11.986765	17.7327   	11.787259	49.9851   	
11.951285	17.7041   	11.736831	50.0328   	
11.915603	17.6755   	11.686368	50.0803   	
11.879719	17.6471   	11.635870	50.1277   	
11.843632	17.6187   	11.585339	50.1749   	
11.807343	17.5905   	11.534773	50.2219   	
11.770853	17.5624   	11.484174	50.2687   	
11.734161	17.5344   	11.433541	50.3154   	
11.697267	17.5065   	11.382875	50.3618   	
11.660171	17.4787   	11.332175	50.4081   	
11.622874	17.451    	11.281442	50.4542   	
11.585376	17.4234   	11.230677	50.5001   	
11.547677	17.396    	11.179879	50.5458   	
11.509777	17.3686   	11.129048	50.5914   	
11.471677	17.3414   	11.078185	50.6367   	
11.433375	17.3143   	11.027290	50.6819   	
11.394874	17.2872   	10.976363	50.7269   	
11.356172	17.2603   	10.925405	50.7717   	
11.317271	17.2335   	10.874415	50.8163   	
11.278170	17.2068   	10.823393	50.8608   	
11.238869	17.1803   	10.772341	50.905    	
11.199369	17.1538   	10.721257	50.9491   	
11.159670	17.1275   	10.670143	50.993    	
11.119772	17.1012   	10.618999	51.0367   	
11.079675	17.0751   	10.567824	51.0802   	
11.039381	17.0491   	10.516618	51.1235   	
10.998888	17.0232   	10.465383	51.1666   	
10.958197	16.9974   	10.414118	51.2095   	
10.917309	16.9718   	10.362823	51.2523   	
10.876223	16.9462   	10.311499	51.2948   	
10.834941	16.9208   	10.260145	51.3372   	
10.793462	16.8954   	10.208763	51.3793   	
10.751786	16.8702   	10.157352	51.4213   	
10.709915	16.8451   	10.105911	51.4631   	
10.667848	16.8202   	10.054443	51.5047   	
10.625585	16.7953   	10.002946	51.5461   	
10.583127	16.7706   	9.951421	51.5873   	
10.540475	16.7459   	9.899867	51.6283   	
10.497628	16.7214   	9.848286	51.6691   	
10.454587	16.697    	9.796678	51.7097   	
10.411352	16.6728   	9.745042	51.7501   	
10.367924	16.6486   	9.693378	51.7904   	
10.324303	16.6246   	9.641688	51.8304   	
10.280489	16.6006   	9.589970	51.8702   	
10.236484	16.5768   	9.538226	51.9099   	
10.192286	16.5531   	9.486455	51.9493   	
10.147897	16.5296   	9.434658	51.9886   	
10.103318	16.5061   	9.382835	52.0276   	
10.058547	16.4828   	9.330986	52.0665   	
10.013587	16.4596   	9.279110	52.1051   	
9.968437	16.4365   	9.227209	52.1436   	
9.923097	16.4135   	9.175283	52.1818   	
9.877569	16.3907   	9.123331	52.2199   	
9.831853	16.3679   	9.071354	52.2577   	
9.785949	16.3453   	9.019352	52.2954   	
9.739857	16.3228   	8.967325	52.3328   	
9.693579	16.3005   	8.915274	52.3701   	
9.647114	16.2782   	8.863198	52.4071   	
9.600464	16.2561   	8.811097	52.444    	
9.553628	16.2341   	8.758973	52.4806   	
9.506607	16.2122   	8.706824	52.5171   	
9.459402	16.1904   	8.654652	52.5533   	
9.412013	16.1688   	8.602456	52.5893   	
9.364441	16.1473   	8.550237	52.6252   	
9.316686	16.1259   	8.497994	52.6608   	
9.268749	16.1046   	8.445728	52.6962   	
9.220631	16.0835   	8.393439	52.7314   	
9.172331	16.0624   	8.341127	52.7664   	
9.123851	16.0415   	8.288793	52.8012   	
9.075192	16.0208   	8.236436	52.8358   	
9.026353	16.0001   	8.184057	52.8702   	
8.977336	15.9796   	8.131655	52.9044   	
8.928140	15.9592   	8.079232	52.9384   	
8.878768	15.9389   	8.026787	52.9722   	
8.829218	15.9187   	7.974320	53.0057   	
8.779493	15.8987   	7.921832	53.0391   	
8.729592	15.8788   	7.869322	53.0722   	
8.679516	15.859    	7.816791	53.1052   	
8.629267	15.8393   	7.764239	53.1379   	
8.578844	15.8198   	7.711667	53.1704   	
8.528248	15.8004   	7.659073	53.2028   	
8.477480	15.7811   	7.606459	53.2349   	
8.426541	15.762    	7.553825	53.2668   	
8.375431	15.743    	7.501170	53.2984   	
8.324151	15.7241   	7.448496	53.3299   	
8.272702	15.7053   	7.395801	53.3612   	
8.221085	15.6866   	7.343087	53.3922   	
8.169300	15.6681   	7.290353	53.4231   	
8.117348	15.6497   	7.237600	53.4537   	
8.065230	15.6315   	7.184827	53.4841   	
8.012946	15.6133   	7.132036	53.5143   	
7.960498	15.5953   	7.079225	53.5443   	
7.907886	15.5774   	7.026396	53.5741   	
7.855111	15.5597   	6.973548	53.6036   	
7.802174	15.5421   	6.920682	53.633    	
7.749075	15.5246   	6.867797	53.6621   	
7.695816	15.5072   	6.814894	53.691    	
7.642397	15.49     	6.761973	53.7197   	
7.588819	15.4729   	6.709034	53.7482   	
7.535083	15.4559   	6.656077	53.7765   	
7.481189	15.439    	6.603103	53.8045   	
7.427139	15.4223   	6.550112	53.8324   	
7.372934	15.4057   	6.497103	53.86     	
7.318574	15.3893   	6.444077	53.8874   	
7.264060	15.3729   	6.391035	53.9146   	
7.209393	15.3567   	6.337975	53.9416   	
7.154575	15.3407   	6.284899	53.9683   	
7.099605	15.3247   	6.231806	53.9949   	
7.044485	15.3089   	6.178697	54.0212   	
6.989216	15.2932   	6.125572	54.0473   	
6.933799	15.2777   	6.072431	54.0732   	
6.878235	15.2623   	6.019274	54.0989   	
6.822524	15.247    	5.966101	54.1243   	
6.766667	15.2318   	5.912913	54.1496   	
6.710667	15.2168   	5.859709	54.1746   	
6.654522	15.2019   	5.806490	54.1994   	
6.598236	15.1872   	5.753256	54.2239   	
6.541807	15.1725   	5.700007	54.2483   	
6.485239	15.158    	5.646743	54.2724   	
6.428531	15.1437   	5.593465	54.2963   	
6.371684	15.1295   	5.540171	54.32     	
6.314700	15.1154   	5.486864	54.3435   	
6.257580	15.1014   	5.433542	54.3667   	
6.200324	15.0876   	5.380206	54.3898   	
6.142934	15.0739   	5.326856	54.4126   	
6.085410	15.0603   	5.273493	54.4352   	
6.027755	15.0469   	5.220116	54.4575   	
5.969968	15.0336   	5.166725	54.4797   	
5.912051	15.0204   	5.113321	54.5016   	
5.854006	15.0074   	5.059904	54.5233   	
5.795832	14.9945   	5.006473	54.5448   	
5.737532	14.9817   	4.953030	54.566    	
5.679106	14.9691   	4.899574	54.587    	
5.620555	14.9566   	4.846106	54.6078   	
5.561882	14.9443   	4.792625	54.6284   	
5.503085	14.932    	4.739131	54.6488   	
5.444168	14.9199   	4.685626	54.6689   	
5.385131	14.908    	4.632108	54.6888   	
5.325975	14.8962   	4.578578	54.7085   	
5.266701	14.8845   	4.525037	54.7279   	
5.207311	14.8729   	4.471484	54.7472   	
5.147805	14.8615   	4.417920	54.7662   	
5.088186	14.8502   	4.364344	54.785    	
5.028453	14.8391   	4.310758	54.8035   	
4.968609	14.8281   	4.257160	54.8218   	
4.908654	14.8172   	4.203551	54.84     	
4.848589	14.8065   	4.149931	54.8578   	
4.788417	14.7959   	4.096301	54.8755   	
4.728138	14.7854   	4.042661	54.8929   	
4.667753	14.7751   	3.989010	54.9101   	
4.607263	14.7649   	3.935349	54.9271   	
4.546670	14.7548   	3.881678	54.9438   	
4.485976	14.7449   	3.827997	54.9604   	
4.425181	14.7351   	3.774306	54.9766   	
4.364286	14.7255   	3.720605	54.9927   	
4.303293	14.716    	3.666896	55.0085   	
4.242203	14.7066   	3.613176	55.0242   	
4.181018	14.6974   	3.559448	55.0395   	
4.119738	14.6883   	3.505711	55.0547   	
4.058366	14.6793   	3.451964	55.0696   	
3.996901	14.6705   	3.398209	55.0843   	
3.935346	14.6618   	3.344445	55.0988   	
3.873702	14.6532   	3.290673	55.113    	
3.811971	14.6448   	3.236893	55.127    	
3.750152	14.6365   	3.183104	55.1408   	
3.688249	14.6284   	3.129307	55.1544   	
3.626262	14.6204   	3.075502	55.1677   	
3.564192	14.6125   	3.021690	55.1808   	
3.502042	14.6048   	2.967869	55.1937   	
3.439811	14.5972   	2.914042	55.2063   	
3.377502	14.5898   	2.860206	55.2187   	
3.315116	14.5825   	2.806364	55.2309   	
3.252655	14.5753   	2.752515	55.2428   	
3.190119	14.5683   	2.698658	55.2545   	
3.127510	14.5614   	2.644795	55.266    	
3.064829	14.5546   	2.590925	55.2773   	
3.002079	14.548    	2.537049	55.2883   	
2.939259	14.5415   	2.483166	55.2991   	
2.876372	14.5351   	2.429277	55.3097   	
2.813419	14.5289   	2.375382	55.32     	
2.750402	14.5229   	2.321480	55.3301   	
2.687321	14.5169   	2.267573	55.34     	
2.624179	14.5112   	2.213660	55.3496   	
2.560976	14.5055   	2.159742	55.359    	
2.497714	14.5      	2.105818	55.3682   	
2.434395	14.4946   	2.051889	55.3772   	
2.371019	14.4894   	1.997955	55.3859   	
2.307589	14.4843   	1.944015	55.3944   	
2.244106	14.4793   	1.890071	55.4026   	
2.180570	14.4745   	1.836122	55.4106   	
2.116985	14.4698   	1.782169	55.4184   	
2.053350	14.4653   	1.728211	55.426    	
1.989669	14.4609   	1.674248	55.4333   	
1.925941	14.4566   	1.620281	55.4404   	
1.862168	14.4525   	1.566311	55.4473   	
1.798352	14.4485   	1.512336	55.4539   	
1.734495	14.4447   	1.458358	55.4603   	
1.670598	14.441    	1.404376	55.4665   	
1.606661	14.4374   	1.350390	55.4724   	
1.542688	14.434    	1.296401	55.4781   	
1.478679	14.4307   	1.242409	55.4836   	
1.414635	14.4276   	1.188413	55.4888   	
1.350559	14.4246   	1.134415	55.4938   	
1.286451	14.4217   	1.080414	55.4986   	
1.222313	14.419    	1.026410	55.5031   	
1.158147	14.4164   	0.972403	55.5074   	
1.093954	14.4139   	0.918394	55.5115   	
1.029736	14.4116   	0.864383	55.5154   	
0.965493	14.4094   	0.810369	55.519    	
0.901229	14.4074   	0.756354	55.5223   	
0.836943	14.4055   	0.702337	55.5255   	
0.772638	14.4038   	0.648318	55.5284   	
0.708314	14.4022   	0.594297	55.5311   	
0.643975	14.4007   	0.540275	55.5335   	
0.579620	14.3994   	0.486251	55.5357   	
0.515252	14.3982   	0.432226	55.5377   	
0.450871	14.3971   	0.378200	55.5395   	
0.386481	14.3962   	0.324173	55.541    	
0.322081	14.3955   	0.270146	55.5423   	
0.257674	14.3948   	0.216117	55.5433   	
0.193261	14.3943   	0.162089	55.5441   	
0.128843	14.394    	0.108059	55.5447   	
0.064422	14.3938   	0.054030	55.5451   	
0.000000	14.3937   	0.000000	55.5452   	
