! Reaction's Kinematics:  Alab & Alab
! 14O + 2H -> 10C + 6Li     or    2H(14O,10C)6Li;       Reaction at the "middle" of the target
! Projectile Energy at the reaction place:  35.60 MeV/u;      Grazing angle:  CMS = 1.50 deg;    Lab = 0.32 deg
! Q reaction : -8.64 MeV  (Excitations 0.0+0.0 -> 0.0+0.0);     Plotted Energy option is "after reaction"
Angle of  10C [Lab-deg]	Y	
0.000000	8.34917e-09	
0.038111	0.150284  	
0.076222	0.30056   	
0.114332	0.450822  	
0.152443	0.601062  	
0.190552	0.751272  	
0.228661	0.901445  	
0.266768	1.05157   	
0.304875	1.20165   	
0.342980	1.35167   	
0.381083	1.50162   	
0.419185	1.6515    	
0.457286	1.8013    	
0.495384	1.95101   	
0.533480	2.10062   	
0.571574	2.25014   	
0.609665	2.39954   	
0.647754	2.54882   	
0.685840	2.69799   	
0.723923	2.84702   	
0.762003	2.99591   	
0.800079	3.14465   	
0.838153	3.29324   	
0.876222	3.44168   	
0.914288	3.58994   	
0.952350	3.73804   	
0.990407	3.88595   	
1.028461	4.03367   	
1.066510	4.1812    	
1.104554	4.32853   	
1.142594	4.47565   	
1.180629	4.62256   	
1.218658	4.76924   	
1.256683	4.9157    	
1.294702	5.06192   	
1.332715	5.2079    	
1.370723	5.35363   	
1.408724	5.4991    	
1.446720	5.64432   	
1.484709	5.78926   	
1.522692	5.93394   	
1.560669	6.07833   	
1.598638	6.22244   	
1.636601	6.36625   	
1.674557	6.50977   	
1.712505	6.65297   	
1.750446	6.79587   	
1.788380	6.93845   	
1.826305	7.08071   	
1.864223	7.22264   	
1.902133	7.36423   	
1.940034	7.50549   	
1.977927	7.64639   	
2.015812	7.78695   	
2.053688	7.92715   	
2.091554	8.06698   	
2.129412	8.20645   	
2.167261	8.34554   	
2.205100	8.48425   	
2.242929	8.62258   	
2.280749	8.76051   	
2.318559	8.89805   	
2.356359	9.0352    	
2.394149	9.17193   	
2.431928	9.30826   	
2.469697	9.44417   	
2.507454	9.57966   	
2.545201	9.71472   	
2.582937	9.84936   	
2.620662	9.98356   	
2.658375	10.1173   	
2.696077	10.2506   	
2.733767	10.3835   	
2.771445	10.5159   	
2.809111	10.6479   	
2.846764	10.7794   	
2.884406	10.9104   	
2.922034	11.041    	
2.959650	11.1711   	
2.997253	11.3007   	
3.034843	11.4299   	
3.072419	11.5585   	
3.109983	11.6867   	
3.147532	11.8144   	
3.185068	11.9415   	
3.222590	12.0682   	
3.260097	12.1944   	
3.297591	12.3201   	
3.335069	12.4452   	
3.372534	12.5699   	
3.409983	12.694    	
3.447418	12.8176   	
3.484837	12.9407   	
3.522241	13.0633   	
3.559629	13.1853   	
3.597002	13.3068   	
3.634359	13.4278   	
3.671700	13.5482   	
3.709025	13.6681   	
3.746333	13.7875   	
3.783625	13.9063   	
3.820900	14.0246   	
3.858159	14.1423   	
3.895400	14.2594   	
3.932624	14.3761   	
3.969831	14.4921   	
4.007020	14.6076   	
4.044191	14.7225   	
4.081345	14.8369   	
4.118480	14.9507   	
4.155597	15.064    	
4.192696	15.1767   	
4.229776	15.2888   	
4.266837	15.4003   	
4.303879	15.5113   	
4.340902	15.6217   	
4.377906	15.7315   	
4.414890	15.8407   	
4.451855	15.9494   	
4.488800	16.0575   	
4.525724	16.165    	
4.562629	16.2719   	
4.599513	16.3782   	
4.636377	16.484    	
4.673220	16.5891   	
4.710042	16.6937   	
4.746843	16.7977   	
4.783622	16.9011   	
4.820380	17.0039   	
4.857117	17.1061   	
4.893832	17.2078   	
4.930524	17.3088   	
4.967195	17.4092   	
5.003843	17.5091   	
5.040469	17.6084   	
5.077072	17.707    	
5.113652	17.8051   	
5.150209	17.9026   	
5.186743	17.9995   	
5.223253	18.0958   	
5.259740	18.1915   	
5.296203	18.2866   	
5.332642	18.3811   	
5.369057	18.475    	
5.405447	18.5683   	
5.441813	18.661    	
5.478155	18.7531   	
5.514471	18.8446   	
5.550762	18.9356   	
5.587029	19.0259   	
5.623269	19.1156   	
5.659484	19.2048   	
5.695673	19.2933   	
5.731837	19.3813   	
5.767974	19.4687   	
5.804084	19.5554   	
5.840168	19.6416   	
5.876226	19.7272   	
5.912256	19.8122   	
5.948260	19.8966   	
5.984236	19.9804   	
6.020184	20.0636   	
6.056105	20.1463   	
6.091998	20.2283   	
6.127863	20.3098   	
6.163700	20.3906   	
6.199508	20.4709   	
6.235288	20.5506   	
6.271039	20.6297   	
6.306761	20.7082   	
6.342453	20.7862   	
6.378117	20.8636   	
6.413751	20.9403   	
6.449355	21.0165   	
6.484929	21.0922   	
6.520473	21.1672   	
6.555986	21.2417   	
6.591469	21.3156   	
6.626922	21.3889   	
6.662343	21.4616   	
6.697733	21.5338   	
6.733092	21.6054   	
6.768420	21.6764   	
6.803716	21.7469   	
6.838980	21.8168   	
6.874212	21.8861   	
6.909411	21.9549   	
6.944579	22.0231   	
6.979713	22.0907   	
7.014815	22.1578   	
7.049883	22.2243   	
7.084919	22.2903   	
7.119920	22.3557   	
7.154889	22.4205   	
7.189823	22.4848   	
7.224723	22.5485   	
7.259589	22.6117   	
7.294421	22.6744   	
7.329218	22.7365   	
7.363980	22.798    	
7.398707	22.859    	
7.433399	22.9195   	
7.468055	22.9794   	
7.502676	23.0388   	
7.537261	23.0976   	
7.571810	23.1559   	
7.606322	23.2137   	
7.640799	23.2709   	
7.675238	23.3276   	
7.709641	23.3838   	
7.744006	23.4394   	
7.778334	23.4945   	
7.812625	23.5491   	
7.846878	23.6032   	
7.881093	23.6567   	
7.915270	23.7098   	
7.949409	23.7623   	
7.983509	23.8143   	
8.017571	23.8657   	
8.051593	23.9167   	
8.085577	23.9672   	
8.119521	24.0171   	
8.153425	24.0665   	
8.187290	24.1155   	
8.221115	24.1639   	
8.254899	24.2118   	
8.288643	24.2592   	
8.322347	24.3062   	
8.356010	24.3526   	
8.389631	24.3985   	
8.423212	24.444    	
8.456751	24.4889   	
8.490248	24.5334   	
8.523703	24.5774   	
8.557117	24.6208   	
8.590487	24.6638   	
8.623816	24.7064   	
8.657102	24.7484   	
8.690344	24.79     	
8.723544	24.8311   	
8.756700	24.8717   	
8.789812	24.9118   	
8.822881	24.9515   	
8.855905	24.9907   	
8.888886	25.0294   	
8.921821	25.0677   	
8.954713	25.1055   	
8.987559	25.1428   	
9.020360	25.1797   	
9.053115	25.2161   	
9.085825	25.2521   	
9.118489	25.2876   	
9.151107	25.3226   	
9.183679	25.3573   	
9.216204	25.3914   	
9.248683	25.4251   	
9.281115	25.4584   	
9.313499	25.4912   	
9.345836	25.5236   	
9.378125	25.5556   	
9.410367	25.5871   	
9.442560	25.6181   	
9.474706	25.6488   	
9.506802	25.679    	
9.538850	25.7088   	
9.570849	25.7381   	
9.602798	25.767    	
9.634699	25.7955   	
9.666549	25.8236   	
9.698349	25.8513   	
9.730100	25.8785   	
9.761800	25.9053   	
9.793449	25.9317   	
9.825048	25.9577   	
9.856595	25.9833   	
9.888091	26.0085   	
9.919536	26.0333   	
9.950928	26.0576   	
9.982269	26.0816   	
10.013557	26.1051   	
10.044793	26.1283   	
10.075976	26.151    	
10.107106	26.1734   	
10.138183	26.1953   	
10.169207	26.2169   	
10.200177	26.2381   	
10.231092	26.2589   	
10.261954	26.2793   	
10.292761	26.2993   	
10.323514	26.3189   	
10.354211	26.3381   	
10.384853	26.357    	
10.415440	26.3755   	
10.445972	26.3936   	
10.476447	26.4113   	
10.506866	26.4287   	
10.537229	26.4457   	
10.567536	26.4623   	
10.597785	26.4785   	
10.627977	26.4944   	
10.658112	26.5099   	
10.688189	26.5251   	
10.718208	26.5398   	
10.748170	26.5543   	
10.778072	26.5683   	
10.807916	26.5821   	
10.837702	26.5954   	
10.867428	26.6084   	
10.897094	26.6211   	
10.926701	26.6334   	
10.956249	26.6453   	
10.985735	26.6569   	
11.015162	26.6682   	
11.044528	26.6791   	
11.073833	26.6897   	
11.103076	26.6999   	
11.132259	26.7098   	
11.161379	26.7194   	
11.190438	26.7286   	
11.219434	26.7375   	
11.248368	26.746    	
11.277239	26.7543   	
11.306047	26.7622   	
11.334791	26.7697   	
11.363472	26.777    	
11.392090	26.7839   	
11.420643	26.7905   	
11.449132	26.7968   	
11.477556	26.8027   	
11.505915	26.8084   	
11.534209	26.8137   	
11.562438	26.8187   	
11.590601	26.8234   	
11.618698	26.8278   	
11.646729	26.8318   	
11.674694	26.8356   	
11.702591	26.839    	
11.730422	26.8422   	
11.758185	26.845    	
11.785881	26.8476   	
11.813508	26.8498   	
11.841068	26.8517   	
11.868559	26.8534   	
11.895982	26.8547   	
11.923335	26.8558   	
11.950619	26.8565   	
11.977834	26.857    	
12.004979	26.8572   	
12.032054	26.857    	
12.059058	26.8566   	
12.085992	26.8559   	
12.112854	26.855    	
12.139646	26.8537   	
12.166366	26.8521   	
12.193014	26.8503   	
12.219590	26.8482   	
12.246094	26.8458   	
12.272525	26.8431   	
12.298884	26.8402   	
12.325169	26.837    	
12.351380	26.8335   	
12.377518	26.8297   	
12.403581	26.8257   	
12.429570	26.8214   	
12.455485	26.8168   	
12.481324	26.812    	
12.507089	26.8069   	
12.532777	26.8015   	
12.558390	26.7959   	
12.583927	26.79     	
12.609387	26.7838   	
12.634770	26.7774   	
12.660077	26.7708   	
12.685306	26.7638   	
12.710457	26.7567   	
12.735531	26.7492   	
12.760526	26.7415   	
12.785443	26.7336   	
12.810281	26.7254   	
12.835040	26.717    	
12.859719	26.7083   	
12.884319	26.6994   	
12.908838	26.6902   	
12.933277	26.6808   	
12.957636	26.6711   	
12.981913	26.6612   	
13.006109	26.6511   	
13.030224	26.6407   	
13.054256	26.6301   	
13.078207	26.6192   	
13.102075	26.6081   	
13.125860	26.5968   	
13.149562	26.5853   	
13.173180	26.5735   	
13.196715	26.5614   	
13.220166	26.5492   	
13.243532	26.5367   	
13.266813	26.524    	
13.290010	26.5111   	
13.313121	26.4979   	
13.336146	26.4845   	
13.359086	26.4709   	
13.381939	26.4571   	
13.404705	26.443    	
13.427384	26.4288   	
13.449977	26.4143   	
13.472481	26.3996   	
13.494898	26.3847   	
13.517226	26.3695   	
13.539466	26.3542   	
13.561617	26.3386   	
13.583678	26.3228   	
13.605650	26.3069   	
13.627532	26.2907   	
13.649324	26.2742   	
13.671025	26.2576   	
13.692636	26.2408   	
13.714155	26.2238   	
13.735583	26.2065   	
13.756918	26.1891   	
13.778162	26.1715   	
13.799313	26.1536   	
13.820371	26.1356   	
13.841336	26.1173   	
13.862207	26.0989   	
13.882984	26.0803   	
13.903667	26.0614   	
13.924256	26.0424   	
13.944749	26.0232   	
13.965148	26.0037   	
13.985450	25.9841   	
14.005657	25.9643   	
14.025767	25.9443   	
14.045781	25.9241   	
14.065698	25.9038   	
14.085517	25.8832   	
14.105239	25.8624   	
14.124863	25.8415   	
14.144388	25.8204   	
14.163814	25.7991   	
14.183142	25.7776   	
14.202370	25.7559   	
14.221498	25.734    	
14.240526	25.712    	
14.259453	25.6898   	
14.278280	25.6674   	
14.297006	25.6448   	
14.315629	25.622    	
14.334151	25.5991   	
14.352571	25.576    	
14.370888	25.5527   	
14.389102	25.5293   	
14.407213	25.5056   	
14.425220	25.4818   	
14.443122	25.4579   	
14.460921	25.4337   	
14.478614	25.4094   	
14.496203	25.3849   	
14.513685	25.3603   	
14.531062	25.3354   	
14.548333	25.3105   	
14.565497	25.2853   	
14.582554	25.26     	
14.599503	25.2345   	
14.616345	25.2089   	
14.633079	25.1831   	
14.649704	25.1571   	
14.666220	25.131    	
14.682627	25.1047   	
14.698925	25.0782   	
14.715112	25.0516   	
14.731189	25.0249   	
14.747156	24.9979   	
14.763011	24.9709   	
14.778755	24.9436   	
14.794387	24.9162   	
14.809906	24.8887   	
14.825313	24.861    	
14.840607	24.8332   	
14.855787	24.8052   	
14.870854	24.777    	
14.885807	24.7487   	
14.900645	24.7203   	
14.915368	24.6917   	
14.929975	24.6629   	
14.944467	24.634    	
14.958843	24.605    	
14.973102	24.5758   	
14.987245	24.5465   	
15.001270	24.517    	
15.015178	24.4874   	
15.028967	24.4576   	
15.042638	24.4277   	
15.056191	24.3977   	
15.069624	24.3675   	
15.082937	24.3371   	
15.096131	24.3067   	
15.109203	24.2761   	
15.122156	24.2453   	
15.134987	24.2144   	
15.147696	24.1834   	
15.160283	24.1523   	
15.172748	24.121    	
15.185090	24.0895   	
15.197309	24.058    	
15.209405	24.0263   	
15.221376	23.9945   	
15.233223	23.9625   	
15.244945	23.9304   	
15.256542	23.8982   	
15.268013	23.8659   	
15.279358	23.8334   	
15.290577	23.8008   	
15.301669	23.768    	
15.312634	23.7352   	
15.323471	23.7022   	
15.334180	23.669    	
15.344760	23.6358   	
15.355212	23.6024   	
15.365534	23.5689   	
15.375727	23.5353   	
15.385789	23.5016   	
15.395721	23.4677   	
15.405522	23.4337   	
15.415192	23.3996   	
15.424730	23.3654   	
15.434135	23.331    	
15.443408	23.2965   	
15.452549	23.2619   	
15.461555	23.2272   	
15.470428	23.1924   	
15.479166	23.1575   	
15.487770	23.1224   	
15.496239	23.0872   	
15.504572	23.0519   	
15.512769	23.0165   	
15.520830	22.981    	
15.528754	22.9453   	
15.536540	22.9096   	
15.544190	22.8737   	
15.551701	22.8377   	
15.559073	22.8016   	
15.566307	22.7654   	
15.573401	22.7291   	
15.580356	22.6927   	
15.587170	22.6561   	
15.593844	22.6195   	
15.600376	22.5827   	
15.606768	22.5459   	
15.613017	22.5089   	
15.619124	22.4718   	
15.625088	22.4346   	
15.630909	22.3973   	
15.636586	22.3599   	
15.642120	22.3224   	
15.647509	22.2848   	
15.652753	22.2471   	
15.657851	22.2093   	
15.662804	22.1714   	
15.667611	22.1334   	
15.672271	22.0952   	
15.676784	22.057    	
15.681149	22.0187   	
15.685367	21.9803   	
15.689436	21.9417   	
15.693357	21.9031   	
15.697128	21.8644   	
15.700749	21.8255   	
15.704221	21.7866   	
15.707542	21.7476   	
15.710711	21.7085   	
15.713730	21.6693   	
15.716597	21.6299   	
15.719311	21.5905   	
15.721873	21.551    	
15.724281	21.5114   	
15.726536	21.4717   	
15.728637	21.4319   	
15.730583	21.392    	
15.732375	21.3521   	
15.734011	21.312    	
15.735491	21.2718   	
15.736816	21.2316   	
15.737983	21.1912   	
15.738994	21.1508   	
15.739847	21.1103   	
15.740542	21.0696   	
15.741078	21.0289   	
15.741456	20.9881   	
15.741675	20.9473   	
15.741733	20.9063   	
15.741632	20.8652   	
15.741370	20.8241   	
15.740947	20.7828   	
15.740363	20.7415   	
15.739617	20.7001   	
15.738708	20.6586   	
15.737637	20.617    	
15.736402	20.5753   	
15.735004	20.5336   	
15.733441	20.4917   	
15.731714	20.4498   	
15.729823	20.4078   	
15.727765	20.3657   	
15.725542	20.3236   	
15.723153	20.2813   	
15.720597	20.239    	
15.717874	20.1966   	
15.714983	20.1541   	
15.711925	20.1115   	
15.708697	20.0688   	
15.705301	20.0261   	
15.701736	19.9833   	
15.698001	19.9404   	
15.694096	19.8974   	
15.690020	19.8543   	
15.685773	19.8112   	
15.681355	19.768    	
15.676764	19.7247   	
15.672002	19.6813   	
15.667067	19.6379   	
15.661958	19.5944   	
15.656676	19.5508   	
15.651220	19.5071   	
15.645589	19.4634   	
15.639783	19.4195   	
15.633802	19.3757   	
15.627646	19.3317   	
15.621313	19.2876   	
15.614803	19.2435   	
15.608117	19.1993   	
15.601253	19.1551   	
15.594211	19.1108   	
15.586991	19.0663   	
15.579592	19.0219   	
15.572014	18.9773   	
15.564257	18.9327   	
15.556319	18.888    	
15.548201	18.8433   	
15.539903	18.7984   	
15.531423	18.7535   	
15.522761	18.7086   	
15.513918	18.6635   	
15.504891	18.6184   	
15.495683	18.5733   	
15.486290	18.528    	
15.476714	18.4827   	
15.466954	18.4373   	
15.457010	18.3919   	
15.446880	18.3464   	
15.436566	18.3008   	
15.426065	18.2552   	
15.415378	18.2095   	
15.404505	18.1637   	
15.393445	18.1179   	
15.382198	18.072    	
15.370763	18.026    	
15.359140	17.98     	
15.347328	17.9339   	
15.335327	17.8877   	
15.323137	17.8415   	
15.310758	17.7952   	
15.298188	17.7489   	
15.285428	17.7025   	
15.272477	17.656    	
15.259335	17.6095   	
15.246001	17.5629   	
15.232476	17.5162   	
15.218758	17.4695   	
15.204847	17.4228   	
15.190743	17.3759   	
15.176446	17.329    	
15.161955	17.2821   	
15.147269	17.2351   	
15.132389	17.188    	
15.117314	17.1409   	
15.102044	17.0937   	
15.086578	17.0465   	
15.070916	16.9992   	
15.055058	16.9518   	
15.039003	16.9044   	
15.022751	16.8569   	
15.006302	16.8094   	
14.989654	16.7618   	
14.972809	16.7142   	
14.955765	16.6665   	
14.938522	16.6187   	
14.921081	16.5709   	
14.903439	16.5231   	
14.885598	16.4752   	
14.867557	16.4272   	
14.849315	16.3792   	
14.830873	16.3311   	
14.812229	16.283    	
14.793384	16.2348   	
14.774338	16.1865   	
14.755089	16.1382   	
14.735638	16.0899   	
14.715984	16.0415   	
14.696127	15.9931   	
14.676067	15.9446   	
14.655803	15.896    	
14.635335	15.8474   	
14.614663	15.7988   	
14.593787	15.7501   	
14.572706	15.7013   	
14.551420	15.6525   	
14.529928	15.6037   	
14.508231	15.5548   	
14.486328	15.5058   	
14.464219	15.4568   	
14.441904	15.4078   	
14.419382	15.3587   	
14.396652	15.3095   	
14.373716	15.2603   	
14.350572	15.2111   	
14.327221	15.1618   	
14.303661	15.1125   	
14.279894	15.0631   	
14.255918	15.0137   	
14.231733	14.9642   	
14.207339	14.9147   	
14.182736	14.8651   	
14.157924	14.8155   	
14.132902	14.7658   	
14.107671	14.7161   	
14.082229	14.6664   	
14.056577	14.6166   	
14.030715	14.5668   	
14.004642	14.5169   	
13.978359	14.467    	
13.951864	14.417    	
13.925158	14.367    	
13.898241	14.3169   	
13.871112	14.2668   	
13.843771	14.2167   	
13.816219	14.1665   	
13.788454	14.1163   	
13.760478	14.066    	
13.732288	14.0157   	
13.703887	13.9653   	
13.675272	13.9149   	
13.646445	13.8645   	
13.617405	13.814    	
13.588151	13.7635   	
13.558685	13.7129   	
13.529005	13.6623   	
13.499112	13.6117   	
13.469005	13.561    	
13.438684	13.5103   	
13.408150	13.4595   	
13.377401	13.4087   	
13.346439	13.3579   	
13.315263	13.307    	
13.283872	13.2561   	
13.252267	13.2051   	
13.220448	13.1541   	
13.188415	13.1031   	
13.156167	13.052    	
13.123705	13.0009   	
13.091028	12.9498   	
13.058137	12.8986   	
13.025031	12.8474   	
12.991710	12.7961   	
12.958175	12.7448   	
12.924425	12.6935   	
12.890460	12.6421   	
12.856281	12.5907   	
12.821887	12.5393   	
12.787278	12.4878   	
12.752455	12.4363   	
12.717417	12.3847   	
12.682164	12.3332   	
12.646697	12.2815   	
12.611015	12.2299   	
12.575119	12.1782   	
12.539008	12.1265   	
12.502682	12.0747   	
12.466143	12.0229   	
12.429389	11.9711   	
12.392420	11.9193   	
12.355238	11.8674   	
12.317842	11.8155   	
12.280231	11.7635   	
12.242407	11.7115   	
12.204369	11.6595   	
12.166117	11.6075   	
12.127652	11.5554   	
12.088974	11.5033   	
12.050082	11.4511   	
12.010977	11.3989   	
11.971659	11.3467   	
11.932128	11.2945   	
11.892385	11.2422   	
11.852429	11.1899   	
11.812261	11.1376   	
11.771881	11.0852   	
11.731289	11.0328   	
11.690486	10.9804   	
11.649471	10.9279   	
11.608244	10.8755   	
11.566807	10.8229   	
11.525158	10.7704   	
11.483300	10.7178   	
11.441231	10.6652   	
11.398951	10.6126   	
11.356462	10.5599   	
11.313764	10.5073   	
11.270856	10.4545   	
11.227739	10.4018   	
11.184414	10.349    	
11.140880	10.2962   	
11.097138	10.2434   	
11.053189	10.1905   	
11.009032	10.1377   	
10.964668	10.0848   	
10.920097	10.0318   	
10.875320	9.97886   	
10.830337	9.92587   	
10.785148	9.87286   	
10.739754	9.81982   	
10.694155	9.76675   	
10.648352	9.71366   	
10.602345	9.66054   	
10.556134	9.6074    	
10.509719	9.55423   	
10.463102	9.50103   	
10.416282	9.44782   	
10.369261	9.39457   	
10.322038	9.3413    	
10.274614	9.28801   	
10.226990	9.2347    	
10.179165	9.18135   	
10.131141	9.12799   	
10.082917	9.0746    	
10.034496	9.02119   	
9.985876	8.96775   	
9.937058	8.91429   	
9.888044	8.86081   	
9.838833	8.80731   	
9.789426	8.75378   	
9.739824	8.70023   	
9.690027	8.64665   	
9.640036	8.59306   	
9.589852	8.53944   	
9.539474	8.4858    	
9.488904	8.43214   	
9.438142	8.37846   	
9.387189	8.32475   	
9.336046	8.27103   	
9.284712	8.21728   	
9.233189	8.16351   	
9.181478	8.10972   	
9.129579	8.05591   	
9.077493	8.00208   	
9.025220	7.94823   	
8.972761	7.89436   	
8.920118	7.84047   	
8.867289	7.78656   	
8.814278	7.73263   	
8.761083	7.67868   	
8.707706	7.62471   	
8.654147	7.57072   	
8.600408	7.51671   	
8.546489	7.46268   	
8.492391	7.40864   	
8.438115	7.35457   	
8.383661	7.30049   	
8.329030	7.24639   	
8.274224	7.19227   	
8.219242	7.13813   	
8.164086	7.08397   	
8.108757	7.0298    	
8.053255	6.97561   	
7.997582	6.9214    	
7.941738	6.86717   	
7.885724	6.81293   	
7.829541	6.75867   	
7.773190	6.70439   	
7.716672	6.6501    	
7.659987	6.59579   	
7.603137	6.54146   	
7.546123	6.48712   	
7.488946	6.43276   	
7.431606	6.37838   	
7.374104	6.32399   	
7.316442	6.26958   	
7.258620	6.21516   	
7.200640	6.16072   	
7.142503	6.10627   	
7.084208	6.0518    	
7.025759	5.99732   	
6.967155	5.94282   	
6.908397	5.88831   	
6.849488	5.83378   	
6.790426	5.77924   	
6.731215	5.72468   	
6.671855	5.67011   	
6.612346	5.61553   	
6.552691	5.56093   	
6.492889	5.50632   	
6.432943	5.4517    	
6.372854	5.39706   	
6.312621	5.34241   	
6.252248	5.28774   	
6.191734	5.23307   	
6.131081	5.17838   	
6.070291	5.12367   	
6.009363	5.06896   	
5.948301	5.01423   	
5.887103	4.95949   	
5.825773	4.90474   	
5.764311	4.84997   	
5.702718	4.7952    	
5.640996	4.74041   	
5.579145	4.68561   	
5.517167	4.6308    	
5.455064	4.57598   	
5.392836	4.52115   	
5.330485	4.4663    	
5.268012	4.41145   	
5.205418	4.35658   	
5.142705	4.30171   	
5.079874	4.24682   	
5.016926	4.19192   	
4.953863	4.13702   	
4.890685	4.0821    	
4.827395	4.02717   	
4.763993	3.97224   	
4.700481	3.91729   	
4.636860	3.86234   	
4.573131	3.80737   	
4.509297	3.7524    	
4.445358	3.69741   	
4.381315	3.64242   	
4.317171	3.58742   	
4.252926	3.53241   	
4.188582	3.47739   	
4.124140	3.42237   	
4.059602	3.36733   	
3.994968	3.31229   	
3.930242	3.25724   	
3.865423	3.20218   	
3.800513	3.14712   	
3.735515	3.09204   	
3.670428	3.03696   	
3.605255	2.98188   	
3.539998	2.92678   	
3.474657	2.87168   	
3.409234	2.81657   	
3.343731	2.76145   	
3.278148	2.70633   	
3.212489	2.6512    	
3.146753	2.59607   	
3.080943	2.54092   	
3.015060	2.48578   	
2.949105	2.43062   	
2.883081	2.37546   	
2.816988	2.3203    	
2.750828	2.26513   	
2.684603	2.20995   	
2.618314	2.15477   	
2.551962	2.09958   	
2.485550	2.04439   	
2.419079	1.9892    	
2.352550	1.934     	
2.285965	1.87879   	
2.219325	1.82358   	
2.152633	1.76837   	
2.085889	1.71315   	
2.019095	1.65792   	
1.952253	1.6027    	
1.885364	1.54747   	
1.818430	1.49223   	
1.751452	1.437     	
1.684433	1.38175   	
1.617373	1.32651   	
1.550274	1.27126   	
1.483139	1.21601   	
1.415967	1.16076   	
1.348762	1.1055    	
1.281524	1.05024   	
1.214256	0.994982  	
1.146958	0.939718  	
1.079633	0.884452  	
1.012281	0.829184  	
0.944906	0.773914  	
0.877508	0.718642  	
0.810088	0.663368  	
0.742650	0.608093  	
0.675193	0.552817  	
0.607720	0.497539  	
0.540232	0.44226   	
0.472732	0.386979  	
0.405220	0.331698  	
0.337698	0.276416  	
0.270168	0.221134  	
0.202632	0.165851  	
0.135091	0.110568  	
0.067546	0.0552838 	
0.000000	3.07133e-09	
