! Reaction's Kinematics:  Alab & Alab
! 14O + 2H -> 10C + 6Li     or    2H(14O,10C)6Li;       Reaction at the "middle" of the target
! Projectile Energy at the reaction place:  35.00 MeV/u;      Grazing angle:  CMS = 1.53 deg;    Lab = 0.31 deg
! Q reaction : -12.00 MeV  (Excitations 0.0+0.0 -> 3.4+0.0);     Plotted Energy option is "after reaction"
Angle of  10C [Lab-deg]	Y	
0.000000	7.84759e-09	
0.037104	0.141255  	
0.074207	0.282504  	
0.111310	0.423741  	
0.148413	0.564957  	
0.185515	0.706148  	
0.222616	0.847306  	
0.259716	0.988425  	
0.296815	1.1295    	
0.333913	1.27052   	
0.371009	1.41149   	
0.408103	1.55238   	
0.445196	1.69321   	
0.482287	1.83396   	
0.519375	1.97463   	
0.556462	2.11521   	
0.593546	2.25569   	
0.630627	2.39606   	
0.667705	2.53633   	
0.704781	2.67648   	
0.741853	2.81651   	
0.778922	2.95641   	
0.815988	3.09618   	
0.853050	3.23581   	
0.890108	3.37529   	
0.927162	3.51461   	
0.964212	3.65378   	
1.001258	3.79278   	
1.038299	3.93161   	
1.075336	4.07027   	
1.112368	4.20874   	
1.149395	4.34702   	
1.186417	4.4851    	
1.223434	4.62298   	
1.260445	4.76066   	
1.297451	4.89812   	
1.334451	5.03536   	
1.371445	5.17238   	
1.408433	5.30917   	
1.445414	5.44572   	
1.482390	5.58203   	
1.519358	5.71809   	
1.556320	5.8539    	
1.593275	5.98945   	
1.630223	6.12474   	
1.667163	6.25976   	
1.704096	6.3945    	
1.741022	6.52896   	
1.777940	6.66313   	
1.814850	6.79702   	
1.851751	6.9306    	
1.888645	7.06389   	
1.925530	7.19687   	
1.962407	7.32953   	
1.999274	7.46188   	
2.036133	7.59391   	
2.072983	7.72561   	
2.109823	7.85698   	
2.146655	7.98802   	
2.183476	8.11871   	
2.220288	8.24905   	
2.257090	8.37905   	
2.293881	8.50869   	
2.330663	8.63797   	
2.367434	8.76688   	
2.404194	8.89543   	
2.440944	9.0236    	
2.477682	9.1514    	
2.514410	9.27881   	
2.551126	9.40584   	
2.587831	9.53247   	
2.624525	9.65871   	
2.661206	9.78456   	
2.697876	9.91      	
2.734533	10.035    	
2.771178	10.1597   	
2.807811	10.2839   	
2.844431	10.4076   	
2.881039	10.531    	
2.917633	10.654    	
2.954214	10.7765   	
2.990782	10.8986   	
3.027337	11.0202   	
3.063877	11.1414   	
3.100405	11.2622   	
3.136918	11.3825   	
3.173416	11.5023   	
3.209901	11.6217   	
3.246371	11.7407   	
3.282827	11.8592   	
3.319267	11.9772   	
3.355693	12.0948   	
3.392103	12.2119   	
3.428498	12.3285   	
3.464878	12.4447   	
3.501242	12.5604   	
3.537590	12.6756   	
3.573921	12.7903   	
3.610237	12.9045   	
3.646537	13.0183   	
3.682819	13.1315   	
3.719085	13.2443   	
3.755335	13.3565   	
3.791567	13.4683   	
3.827781	13.5796   	
3.863979	13.6904   	
3.900159	13.8006   	
3.936321	13.9104   	
3.972465	14.0197   	
4.008591	14.1284   	
4.044699	14.2366   	
4.080788	14.3444   	
4.116858	14.4516   	
4.152910	14.5583   	
4.188943	14.6645   	
4.224957	14.7701   	
4.260951	14.8752   	
4.296925	14.9799   	
4.332881	15.0839   	
4.368816	15.1875   	
4.404731	15.2905   	
4.440626	15.3931   	
4.476500	15.495    	
4.512354	15.5965   	
4.548187	15.6974   	
4.583999	15.7978   	
4.619790	15.8976   	
4.655560	15.9969   	
4.691309	16.0957   	
4.727035	16.1939   	
4.762740	16.2916   	
4.798423	16.3888   	
4.834084	16.4854   	
4.869722	16.5815   	
4.905338	16.677    	
4.940931	16.772    	
4.976501	16.8665   	
5.012048	16.9604   	
5.047571	17.0538   	
5.083072	17.1466   	
5.118548	17.2389   	
5.154001	17.3306   	
5.189430	17.4218   	
5.224835	17.5125   	
5.260215	17.6026   	
5.295571	17.6921   	
5.330902	17.7811   	
5.366208	17.8696   	
5.401489	17.9575   	
5.436745	18.0449   	
5.471975	18.1317   	
5.507180	18.218    	
5.542359	18.3037   	
5.577511	18.3889   	
5.612638	18.4735   	
5.647738	18.5576   	
5.682812	18.6411   	
5.717859	18.7241   	
5.752879	18.8066   	
5.787872	18.8885   	
5.822837	18.9699   	
5.857776	19.0507   	
5.892686	19.1309   	
5.927568	19.2107   	
5.962423	19.2899   	
5.997249	19.3685   	
6.032047	19.4466   	
6.066816	19.5242   	
6.101556	19.6012   	
6.136268	19.6776   	
6.170950	19.7536   	
6.205603	19.829    	
6.240226	19.9038   	
6.274819	19.9781   	
6.309383	20.0519   	
6.343916	20.1252   	
6.378419	20.1979   	
6.412892	20.2701   	
6.447334	20.3417   	
6.481744	20.4128   	
6.516124	20.4834   	
6.550473	20.5534   	
6.584790	20.6229   	
6.619075	20.6919   	
6.653328	20.7603   	
6.687550	20.8283   	
6.721739	20.8957   	
6.755895	20.9625   	
6.790019	21.0289   	
6.824111	21.0947   	
6.858169	21.16     	
6.892193	21.2248   	
6.926185	21.289    	
6.960143	21.3528   	
6.994067	21.416    	
7.027956	21.4787   	
7.061812	21.5409   	
7.095633	21.6025   	
7.129420	21.6637   	
7.163172	21.7243   	
7.196889	21.7845   	
7.230570	21.8441   	
7.264216	21.9032   	
7.297827	21.9618   	
7.331401	22.0199   	
7.364940	22.0775   	
7.398442	22.1346   	
7.431908	22.1912   	
7.465338	22.2473   	
7.498730	22.3029   	
7.532086	22.358    	
7.565404	22.4126   	
7.598685	22.4667   	
7.631928	22.5203   	
7.665133	22.5734   	
7.698300	22.626    	
7.731429	22.6782   	
7.764520	22.7298   	
7.797572	22.781    	
7.830585	22.8316   	
7.863558	22.8818   	
7.896493	22.9315   	
7.929388	22.9808   	
7.962243	23.0295   	
7.995059	23.0778   	
8.027834	23.1256   	
8.060569	23.1729   	
8.093263	23.2198   	
8.125917	23.2662   	
8.158529	23.3121   	
8.191101	23.3575   	
8.223631	23.4025   	
8.256119	23.447    	
8.288566	23.4911   	
8.320971	23.5346   	
8.353333	23.5778   	
8.385653	23.6204   	
8.417930	23.6626   	
8.450164	23.7044   	
8.482356	23.7457   	
8.514504	23.7866   	
8.546608	23.827    	
8.578669	23.8669   	
8.610685	23.9064   	
8.642658	23.9455   	
8.674586	23.9841   	
8.706469	24.0222   	
8.738308	24.06     	
8.770101	24.0973   	
8.801850	24.1341   	
8.833553	24.1705   	
8.865210	24.2065   	
8.896821	24.2421   	
8.928386	24.2772   	
8.959904	24.3119   	
8.991376	24.3461   	
9.022801	24.38     	
9.054180	24.4134   	
9.085510	24.4464   	
9.116794	24.4789   	
9.148029	24.5111   	
9.179217	24.5428   	
9.210357	24.5741   	
9.241448	24.605    	
9.272490	24.6355   	
9.303484	24.6656   	
9.334428	24.6953   	
9.365324	24.7245   	
9.396169	24.7534   	
9.426965	24.7818   	
9.457711	24.8099   	
9.488407	24.8375   	
9.519052	24.8647   	
9.549647	24.8916   	
9.580190	24.918    	
9.610683	24.9441   	
9.641124	24.9698   	
9.671514	24.995    	
9.701851	25.0199   	
9.732137	25.0444   	
9.762370	25.0685   	
9.792551	25.0922   	
9.822679	25.1155   	
9.852754	25.1385   	
9.882775	25.1611   	
9.912744	25.1833   	
9.942658	25.2051   	
9.972518	25.2265   	
10.002325	25.2476   	
10.032076	25.2683   	
10.061773	25.2886   	
10.091416	25.3086   	
10.121003	25.3282   	
10.150534	25.3474   	
10.180010	25.3663   	
10.209430	25.3848   	
10.238794	25.4029   	
10.268101	25.4207   	
10.297352	25.4381   	
10.326546	25.4551   	
10.355683	25.4719   	
10.384763	25.4882   	
10.413784	25.5042   	
10.442748	25.5199   	
10.471654	25.5352   	
10.500502	25.5501   	
10.529291	25.5647   	
10.558021	25.579    	
10.586692	25.5929   	
10.615304	25.6065   	
10.643856	25.6198   	
10.672348	25.6327   	
10.700780	25.6452   	
10.729151	25.6575   	
10.757462	25.6694   	
10.785713	25.681    	
10.813902	25.6922   	
10.842029	25.7031   	
10.870096	25.7137   	
10.898100	25.724    	
10.926042	25.7339   	
10.953921	25.7435   	
10.981738	25.7528   	
11.009492	25.7618   	
11.037183	25.7704   	
11.064811	25.7788   	
11.092374	25.7868   	
11.119874	25.7945   	
11.147310	25.8019   	
11.174681	25.809    	
11.201987	25.8157   	
11.229228	25.8222   	
11.256404	25.8284   	
11.283514	25.8342   	
11.310559	25.8398   	
11.337538	25.845    	
11.364450	25.85     	
11.391295	25.8546   	
11.418074	25.8589   	
11.444786	25.863    	
11.471430	25.8667   	
11.498006	25.8702   	
11.524515	25.8734   	
11.550955	25.8762   	
11.577327	25.8788   	
11.603630	25.8811   	
11.629864	25.8831   	
11.656029	25.8849   	
11.682124	25.8863   	
11.708149	25.8874   	
11.734104	25.8883   	
11.759989	25.8889   	
11.785803	25.8892   	
11.811546	25.8892   	
11.837217	25.889    	
11.862818	25.8885   	
11.888346	25.8877   	
11.913802	25.8866   	
11.939186	25.8853   	
11.964498	25.8837   	
11.989736	25.8818   	
12.014901	25.8796   	
12.039993	25.8772   	
12.065011	25.8745   	
12.089954	25.8716   	
12.114824	25.8684   	
12.139619	25.8649   	
12.164339	25.8612   	
12.188983	25.8572   	
12.213552	25.8529   	
12.238046	25.8484   	
12.262463	25.8437   	
12.286804	25.8387   	
12.311068	25.8334   	
12.335256	25.8279   	
12.359366	25.8221   	
12.383398	25.8161   	
12.407353	25.8098   	
12.431229	25.8033   	
12.455028	25.7965   	
12.478747	25.7895   	
12.502387	25.7823   	
12.525949	25.7748   	
12.549430	25.7671   	
12.572832	25.7591   	
12.596153	25.7509   	
12.619394	25.7424   	
12.642554	25.7337   	
12.665633	25.7248   	
12.688631	25.7157   	
12.711546	25.7063   	
12.734380	25.6966   	
12.757132	25.6868   	
12.779801	25.6767   	
12.802387	25.6664   	
12.824889	25.6558   	
12.847309	25.6451   	
12.869644	25.6341   	
12.891895	25.6229   	
12.914062	25.6114   	
12.936144	25.5998   	
12.958141	25.5879   	
12.980052	25.5758   	
13.001878	25.5634   	
13.023618	25.5509   	
13.045271	25.5381   	
13.066838	25.5251   	
13.088318	25.5119   	
13.109710	25.4985   	
13.131015	25.4849   	
13.152232	25.4711   	
13.173361	25.457    	
13.194401	25.4428   	
13.215353	25.4283   	
13.236215	25.4136   	
13.256987	25.3988   	
13.277670	25.3837   	
13.298263	25.3684   	
13.318765	25.3529   	
13.339177	25.3372   	
13.359497	25.3213   	
13.379726	25.3052   	
13.399863	25.2889   	
13.419908	25.2724   	
13.439861	25.2557   	
13.459721	25.2388   	
13.479488	25.2217   	
13.499161	25.2044   	
13.518741	25.1869   	
13.538226	25.1693   	
13.557617	25.1514   	
13.576914	25.1333   	
13.596115	25.1151   	
13.615221	25.0966   	
13.634232	25.078    	
13.653146	25.0592   	
13.671964	25.0402   	
13.690685	25.021    	
13.709309	25.0016   	
13.727836	24.982    	
13.746265	24.9623   	
13.764595	24.9424   	
13.782828	24.9223   	
13.800961	24.902    	
13.818996	24.8815   	
13.836931	24.8608   	
13.854766	24.84     	
13.872501	24.819    	
13.890136	24.7978   	
13.907670	24.7765   	
13.925103	24.7549   	
13.942434	24.7332   	
13.959663	24.7113   	
13.976790	24.6893   	
13.993815	24.667    	
14.010736	24.6446   	
14.027555	24.6221   	
14.044270	24.5993   	
14.060880	24.5764   	
14.077387	24.5533   	
14.093789	24.5301   	
14.110086	24.5067   	
14.126277	24.4831   	
14.142363	24.4594   	
14.158343	24.4355   	
14.174216	24.4114   	
14.189982	24.3872   	
14.205642	24.3628   	
14.221193	24.3383   	
14.236637	24.3135   	
14.251973	24.2887   	
14.267200	24.2636   	
14.282318	24.2385   	
14.297327	24.2131   	
14.312227	24.1876   	
14.327016	24.162    	
14.341695	24.1362   	
14.356263	24.1102   	
14.370720	24.0841   	
14.385065	24.0578   	
14.399299	24.0314   	
14.413420	24.0048   	
14.427429	23.9781   	
14.441325	23.9513   	
14.455107	23.9242   	
14.468776	23.8971   	
14.482331	23.8698   	
14.495771	23.8423   	
14.509097	23.8147   	
14.522307	23.7869   	
14.535402	23.759    	
14.548381	23.731    	
14.561243	23.7028   	
14.573989	23.6745   	
14.586618	23.646    	
14.599129	23.6174   	
14.611523	23.5887   	
14.623798	23.5598   	
14.635955	23.5308   	
14.647993	23.5016   	
14.659912	23.4723   	
14.671711	23.4428   	
14.683390	23.4133   	
14.694948	23.3835   	
14.706386	23.3537   	
14.717702	23.3237   	
14.728897	23.2936   	
14.739970	23.2633   	
14.750920	23.233    	
14.761748	23.2024   	
14.772453	23.1718   	
14.783034	23.141    	
14.793491	23.1101   	
14.803824	23.0791   	
14.814032	23.0479   	
14.824115	23.0166   	
14.834073	22.9852   	
14.843905	22.9536   	
14.853610	22.9219   	
14.863189	22.8901   	
14.872641	22.8582   	
14.881966	22.8262   	
14.891163	22.794    	
14.900231	22.7617   	
14.909172	22.7293   	
14.917983	22.6967   	
14.926664	22.664    	
14.935217	22.6312   	
14.943638	22.5983   	
14.951930	22.5653   	
14.960090	22.5322   	
14.968119	22.4989   	
14.976017	22.4655   	
14.983782	22.432    	
14.991415	22.3984   	
14.998914	22.3646   	
15.006281	22.3308   	
15.013514	22.2968   	
15.020612	22.2627   	
15.027577	22.2285   	
15.034406	22.1942   	
15.041100	22.1598   	
15.047658	22.1252   	
15.054080	22.0906   	
15.060366	22.0558   	
15.066515	22.0209   	
15.072526	21.9859   	
15.078400	21.9508   	
15.084136	21.9156   	
15.089733	21.8803   	
15.095191	21.8449   	
15.100510	21.8093   	
15.105689	21.7737   	
15.110729	21.7379   	
15.115627	21.7021   	
15.120385	21.6661   	
15.125001	21.6301   	
15.129476	21.5939   	
15.133808	21.5576   	
15.137998	21.5212   	
15.142045	21.4847   	
15.145949	21.4481   	
15.149709	21.4115   	
15.153324	21.3747   	
15.156795	21.3378   	
15.160122	21.3008   	
15.163302	21.2637   	
15.166337	21.2265   	
15.169226	21.1892   	
15.171968	21.1518   	
15.174564	21.1143   	
15.177011	21.0767   	
15.179311	21.039    	
15.181463	21.0012   	
15.183466	20.9633   	
15.185320	20.9253   	
15.187025	20.8872   	
15.188580	20.8491   	
15.189984	20.8108   	
15.191238	20.7724   	
15.192341	20.734    	
15.193293	20.6954   	
15.194092	20.6568   	
15.194739	20.618    	
15.195234	20.5792   	
15.195575	20.5402   	
15.195763	20.5012   	
15.195797	20.4621   	
15.195676	20.4229   	
15.195401	20.3836   	
15.194971	20.3443   	
15.194385	20.3048   	
15.193644	20.2652   	
15.192746	20.2256   	
15.191691	20.1858   	
15.190479	20.146    	
15.189109	20.1061   	
15.187582	20.0661   	
15.185896	20.026    	
15.184051	19.9858   	
15.182047	19.9456   	
15.179884	19.9052   	
15.177561	19.8648   	
15.175077	19.8243   	
15.172432	19.7837   	
15.169626	19.743    	
15.166659	19.7023   	
15.163530	19.6614   	
15.160238	19.6205   	
15.156783	19.5795   	
15.153166	19.5384   	
15.149384	19.4972   	
15.145439	19.456    	
15.141329	19.4146   	
15.137055	19.3732   	
15.132615	19.3317   	
15.128010	19.2901   	
15.123239	19.2485   	
15.118301	19.2067   	
15.113197	19.1649   	
15.107925	19.123    	
15.102486	19.0811   	
15.096879	19.039    	
15.091104	18.9969   	
15.085160	18.9547   	
15.079046	18.9124   	
15.072764	18.8701   	
15.066311	18.8277   	
15.059688	18.7852   	
15.052895	18.7426   	
15.045930	18.6999   	
15.038794	18.6572   	
15.031486	18.6144   	
15.024006	18.5715   	
15.016353	18.5286   	
15.008528	18.4856   	
15.000529	18.4425   	
14.992356	18.3993   	
14.984009	18.3561   	
14.975488	18.3128   	
14.966791	18.2694   	
14.957920	18.226    	
14.948873	18.1825   	
14.939650	18.1389   	
14.930251	18.0952   	
14.920674	18.0515   	
14.910921	18.0077   	
14.900990	17.9638   	
14.890882	17.9199   	
14.880595	17.8759   	
14.870130	17.8319   	
14.859486	17.7877   	
14.848662	17.7435   	
14.837659	17.6993   	
14.826476	17.6549   	
14.815113	17.6105   	
14.803568	17.5661   	
14.791843	17.5215   	
14.779936	17.4769   	
14.767848	17.4323   	
14.755577	17.3876   	
14.743124	17.3428   	
14.730488	17.2979   	
14.717669	17.253    	
14.704667	17.208    	
14.691480	17.163    	
14.678110	17.1179   	
14.664555	17.0727   	
14.650815	17.0275   	
14.636890	16.9822   	
14.622779	16.9369   	
14.608483	16.8915   	
14.594000	16.846    	
14.579331	16.8005   	
14.564475	16.7549   	
14.549432	16.7092   	
14.534201	16.6635   	
14.518783	16.6177   	
14.503176	16.5719   	
14.487381	16.526    	
14.471398	16.4801   	
14.455225	16.4341   	
14.438863	16.388    	
14.422312	16.3419   	
14.405570	16.2957   	
14.388638	16.2495   	
14.371516	16.2032   	
14.354203	16.1569   	
14.336699	16.1105   	
14.319003	16.064    	
14.301116	16.0175   	
14.283036	15.9709   	
14.264765	15.9243   	
14.246300	15.8776   	
14.227644	15.8309   	
14.208793	15.7841   	
14.189750	15.7373   	
14.170513	15.6904   	
14.151082	15.6434   	
14.131457	15.5964   	
14.111637	15.5494   	
14.091623	15.5023   	
14.071414	15.4551   	
14.051010	15.4079   	
14.030410	15.3606   	
14.009615	15.3133   	
13.988623	15.266    	
13.967436	15.2185   	
13.946052	15.1711   	
13.924471	15.1236   	
13.902694	15.076    	
13.880720	15.0284   	
13.858548	14.9807   	
13.836179	14.933    	
13.813612	14.8852   	
13.790847	14.8374   	
13.767884	14.7895   	
13.744723	14.7416   	
13.721363	14.6937   	
13.697804	14.6457   	
13.674047	14.5976   	
13.650090	14.5495   	
13.625934	14.5014   	
13.601578	14.4532   	
13.577023	14.4049   	
13.552268	14.3566   	
13.527313	14.3083   	
13.502158	14.2599   	
13.476802	14.2115   	
13.451246	14.163    	
13.425490	14.1145   	
13.399532	14.0659   	
13.373373	14.0173   	
13.347014	13.9687   	
13.320453	13.92     	
13.293691	13.8712   	
13.266727	13.8225   	
13.239562	13.7736   	
13.212194	13.7248   	
13.184625	13.6758   	
13.156855	13.6269   	
13.128881	13.5779   	
13.100706	13.5288   	
13.072329	13.4798   	
13.043749	13.4306   	
13.014967	13.3815   	
12.985982	13.3322   	
12.956794	13.283    	
12.927404	13.2337   	
12.897811	13.1844   	
12.868015	13.135    	
12.838016	13.0856   	
12.807815	13.0361   	
12.777410	12.9866   	
12.746802	12.9371   	
12.715992	12.8875   	
12.684978	12.8379   	
12.653761	12.7882   	
12.622341	12.7385   	
12.590717	12.6888   	
12.558891	12.639    	
12.526861	12.5892   	
12.494628	12.5394   	
12.462192	12.4895   	
12.429553	12.4396   	
12.396710	12.3896   	
12.363664	12.3396   	
12.330416	12.2896   	
12.296964	12.2395   	
12.263309	12.1894   	
12.229451	12.1393   	
12.195390	12.0891   	
12.161126	12.0389   	
12.126659	11.9886   	
12.091990	11.9383   	
12.057117	11.888    	
12.022043	11.8377   	
11.986765	11.7873   	
11.951285	11.7368   	
11.915603	11.6864   	
11.879719	11.6359   	
11.843632	11.5853   	
11.807343	11.5348   	
11.770853	11.4842   	
11.734161	11.4335   	
11.697267	11.3829   	
11.660171	11.3322   	
11.622874	11.2814   	
11.585376	11.2307   	
11.547677	11.1799   	
11.509777	11.129    	
11.471677	11.0782   	
11.433375	11.0273   	
11.394874	10.9764   	
11.356172	10.9254   	
11.317271	10.8744   	
11.278170	10.8234   	
11.238869	10.7723   	
11.199369	10.7213   	
11.159670	10.6701   	
11.119772	10.619    	
11.079675	10.5678   	
11.039381	10.5166   	
10.998888	10.4654   	
10.958197	10.4141   	
10.917309	10.3628   	
10.876223	10.3115   	
10.834941	10.2601   	
10.793462	10.2088   	
10.751786	10.1574   	
10.709915	10.1059   	
10.667848	10.0544   	
10.625585	10.0029   	
10.583127	9.95142   	
10.540475	9.89987   	
10.497628	9.84829   	
10.454587	9.79668   	
10.411352	9.74504   	
10.367924	9.69338   	
10.324303	9.64169   	
10.280489	9.58997   	
10.236484	9.53823   	
10.192286	9.48646   	
10.147897	9.43466   	
10.103318	9.38284   	
10.058547	9.33099   	
10.013587	9.27911   	
9.968437	9.22721   	
9.923097	9.17528   	
9.877569	9.12333   	
9.831853	9.07135   	
9.785949	9.01935   	
9.739857	8.96733   	
9.693579	8.91527   	
9.647114	8.8632    	
9.600464	8.8111    	
9.553628	8.75897   	
9.506607	8.70682   	
9.459402	8.65465   	
9.412013	8.60246   	
9.364441	8.55024   	
9.316686	8.49799   	
9.268749	8.44573   	
9.220631	8.39344   	
9.172331	8.34113   	
9.123851	8.28879   	
9.075192	8.23644   	
9.026353	8.18406   	
8.977336	8.13166   	
8.928140	8.07923   	
8.878768	8.02679   	
8.829218	7.97432   	
8.779493	7.92183   	
8.729592	7.86932   	
8.679516	7.81679   	
8.629267	7.76424   	
8.578844	7.71167   	
8.528248	7.65907   	
8.477480	7.60646   	
8.426541	7.55382   	
8.375431	7.50117   	
8.324151	7.4485    	
8.272702	7.3958    	
8.221085	7.34309   	
8.169300	7.29035   	
8.117348	7.2376    	
8.065230	7.18483   	
8.012946	7.13204   	
7.960498	7.07923   	
7.907886	7.0264    	
7.855111	6.97355   	
7.802174	6.92068   	
7.749075	6.8678    	
7.695816	6.81489   	
7.642397	6.76197   	
7.588819	6.70903   	
7.535083	6.65608   	
7.481189	6.6031    	
7.427139	6.55011   	
7.372934	6.4971    	
7.318574	6.44408   	
7.264060	6.39103   	
7.209393	6.33798   	
7.154575	6.2849    	
7.099605	6.23181   	
7.044485	6.1787    	
6.989216	6.12557   	
6.933799	6.07243   	
6.878235	6.01927   	
6.822524	5.9661    	
6.766667	5.91291   	
6.710667	5.85971   	
6.654522	5.80649   	
6.598236	5.75326   	
6.541807	5.70001   	
6.485239	5.64674   	
6.428531	5.59346   	
6.371684	5.54017   	
6.314700	5.48686   	
6.257580	5.43354   	
6.200324	5.38021   	
6.142934	5.32686   	
6.085410	5.27349   	
6.027755	5.22012   	
5.969968	5.16673   	
5.912051	5.11332   	
5.854006	5.0599    	
5.795832	5.00647   	
5.737532	4.95303   	
5.679106	4.89957   	
5.620555	4.84611   	
5.561882	4.79262   	
5.503085	4.73913   	
5.444168	4.68563   	
5.385131	4.63211   	
5.325975	4.57858   	
5.266701	4.52504   	
5.207311	4.47148   	
5.147805	4.41792   	
5.088186	4.36434   	
5.028453	4.31076   	
4.968609	4.25716   	
4.908654	4.20355   	
4.848589	4.14993   	
4.788417	4.0963    	
4.728138	4.04266   	
4.667753	3.98901   	
4.607263	3.93535   	
4.546670	3.88168   	
4.485976	3.828     	
4.425181	3.77431   	
4.364286	3.72061   	
4.303293	3.6669    	
4.242203	3.61318   	
4.181018	3.55945   	
4.119738	3.50571   	
4.058366	3.45196   	
3.996901	3.39821   	
3.935346	3.34445   	
3.873702	3.29067   	
3.811971	3.23689   	
3.750152	3.1831    	
3.688249	3.12931   	
3.626262	3.0755    	
3.564192	3.02169   	
3.502042	2.96787   	
3.439811	2.91404   	
3.377502	2.86021   	
3.315116	2.80636   	
3.252655	2.75251   	
3.190119	2.69866   	
3.127510	2.6448    	
3.064829	2.59093   	
3.002079	2.53705   	
2.939259	2.48317   	
2.876372	2.42928   	
2.813419	2.37538   	
2.750402	2.32148   	
2.687321	2.26757   	
2.624179	2.21366   	
2.560976	2.15974   	
2.497714	2.10582   	
2.434395	2.05189   	
2.371019	1.99795   	
2.307589	1.94402   	
2.244106	1.89007   	
2.180570	1.83612   	
2.116985	1.78217   	
2.053350	1.72821   	
1.989669	1.67425   	
1.925941	1.62028   	
1.862168	1.56631   	
1.798352	1.51234   	
1.734495	1.45836   	
1.670598	1.40438   	
1.606661	1.35039   	
1.542688	1.2964    	
1.478679	1.24241   	
1.414635	1.18841   	
1.350559	1.13441   	
1.286451	1.08041   	
1.222313	1.02641   	
1.158147	0.972403  	
1.093954	0.918394  	
1.029736	0.864383  	
0.965493	0.810369  	
0.901229	0.756354  	
0.836943	0.702337  	
0.772638	0.648318  	
0.708314	0.594297  	
0.643975	0.540275  	
0.579620	0.486251  	
0.515252	0.432226  	
0.450871	0.3782    	
0.386481	0.324173  	
0.322081	0.270146  	
0.257674	0.216117  	
0.193261	0.162089  	
0.128843	0.108059  	
0.064422	0.0540297 	
0.000000	3.00165e-09	
