! Reaction's Kinematics:  Alab & Elab
! 14O + 2H -> 10C + 6Li     or    2H(14O,10C)6Li;       Reaction at the "middle" of the target
! Projectile Energy at the reaction place:  35.60 MeV/u;      Grazing angle:  CMS = 1.50 deg;    Lab = 0.32 deg
! Q reaction : -8.64 MeV  (Excitations 0.0+0.0 -> 0.0+0.0);     Plotted Energy option is "after reaction"
Angle  [Lab-deg]1	Fragment - 10C	Angle  [Lab-deg]2	Residual - 6Li	
0.000000	44.1098   	0.000000	8.01733   	
0.038111	44.1097   	0.150284	8.01745   	
0.076222	44.1095   	0.300560	8.01782   	
0.114332	44.1091   	0.450822	8.01843   	
0.152443	44.1086   	0.601062	8.01929   	
0.190552	44.108    	0.751272	8.0204    	
0.228661	44.1071   	0.901445	8.02174   	
0.266768	44.1062   	1.051574	8.02334   	
0.304875	44.1051   	1.201652	8.02518   	
0.342980	44.1038   	1.351670	8.02726   	
0.381083	44.1024   	1.501623	8.02959   	
0.419185	44.1009   	1.651502	8.03217   	
0.457286	44.0992   	1.801300	8.03499   	
0.495384	44.0973   	1.951010	8.03805   	
0.533480	44.0954   	2.100625	8.04136   	
0.571574	44.0932   	2.250137	8.04491   	
0.609665	44.0909   	2.399539	8.04871   	
0.647754	44.0885   	2.548824	8.05276   	
0.685840	44.0859   	2.697985	8.05705   	
0.723923	44.0832   	2.847015	8.06158   	
0.762003	44.0803   	2.995906	8.06636   	
0.800079	44.0773   	3.144652	8.07139   	
0.838153	44.0742   	3.293245	8.07666   	
0.876222	44.0709   	3.441678	8.08217   	
0.914288	44.0674   	3.589945	8.08793   	
0.952350	44.0638   	3.738037	8.09393   	
0.990407	44.06     	3.885949	8.10018   	
1.028461	44.0561   	4.033674	8.10667   	
1.066510	44.0521   	4.181204	8.1134    	
1.104554	44.0479   	4.328532	8.12038   	
1.142594	44.0436   	4.475653	8.12761   	
1.180629	44.0391   	4.622558	8.13508   	
1.218658	44.0345   	4.769242	8.14279   	
1.256683	44.0297   	4.915697	8.15075   	
1.294702	44.0247   	5.061918	8.15895   	
1.332715	44.0197   	5.207897	8.16739   	
1.370723	44.0145   	5.353627	8.17608   	
1.408724	44.0091   	5.499103	8.18501   	
1.446720	44.0036   	5.644318	8.19418   	
1.484709	43.9979   	5.789265	8.2036    	
1.522692	43.9921   	5.933938	8.21327   	
1.560669	43.9862   	6.078331	8.22317   	
1.598638	43.9801   	6.222437	8.23332   	
1.636601	43.9738   	6.366251	8.24371   	
1.674557	43.9675   	6.509765	8.25435   	
1.712505	43.9609   	6.652974	8.26522   	
1.750446	43.9542   	6.795873	8.27635   	
1.788380	43.9474   	6.938454	8.28771   	
1.826305	43.9405   	7.080711	8.29931   	
1.864223	43.9333   	7.222640	8.31116   	
1.902133	43.9261   	7.364234	8.32325   	
1.940034	43.9187   	7.505487	8.33559   	
1.977927	43.9111   	7.646394	8.34816   	
2.015812	43.9034   	7.786949	8.36098   	
2.053688	43.8956   	7.927146	8.37404   	
2.091554	43.8876   	8.066980	8.38734   	
2.129412	43.8795   	8.206446	8.40088   	
2.167261	43.8712   	8.345537	8.41466   	
2.205100	43.8628   	8.484248	8.42869   	
2.242929	43.8542   	8.622575	8.44295   	
2.280749	43.8455   	8.760512	8.45746   	
2.318559	43.8366   	8.898054	8.47221   	
2.356359	43.8276   	9.035195	8.4872    	
2.394149	43.8185   	9.171931	8.50243   	
2.431928	43.8092   	9.308257	8.5179    	
2.469697	43.7998   	9.444168	8.53361   	
2.507454	43.7902   	9.579658	8.54956   	
2.545201	43.7804   	9.714724	8.56575   	
2.582937	43.7706   	9.849360	8.58218   	
2.620662	43.7606   	9.983562	8.59885   	
2.658375	43.7504   	10.117325	8.61576   	
2.696077	43.7401   	10.250645	8.63291   	
2.733767	43.7297   	10.383517	8.65029   	
2.771445	43.7191   	10.515937	8.66792   	
2.809111	43.7084   	10.647900	8.68579   	
2.846764	43.6975   	10.779403	8.70389   	
2.884406	43.6865   	10.910441	8.72223   	
2.922034	43.6753   	11.041011	8.74081   	
2.959650	43.664    	11.171107	8.75963   	
2.997253	43.6526   	11.300726	8.77869   	
3.034843	43.641    	11.429865	8.79798   	
3.072419	43.6293   	11.558519	8.81752   	
3.109983	43.6174   	11.686685	8.83729   	
3.147532	43.6054   	11.814358	8.85729   	
3.185068	43.5932   	11.941536	8.87754   	
3.222590	43.5809   	12.068215	8.89802   	
3.260097	43.5685   	12.194391	8.91873   	
3.297591	43.5559   	12.320062	8.93969   	
3.335069	43.5432   	12.445222	8.96088   	
3.372534	43.5303   	12.569870	8.9823    	
3.409983	43.5173   	12.694002	9.00396   	
3.447418	43.5041   	12.817615	9.02586   	
3.484837	43.4908   	12.940706	9.04799   	
3.522241	43.4774   	13.063272	9.07036   	
3.559629	43.4638   	13.185310	9.09296   	
3.597002	43.4501   	13.306818	9.1158    	
3.634359	43.4363   	13.427791	9.13887   	
3.671700	43.4223   	13.548228	9.16217   	
3.709025	43.4081   	13.668126	9.18571   	
3.746333	43.3939   	13.787483	9.20948   	
3.783625	43.3794   	13.906295	9.23349   	
3.820900	43.3649   	14.024561	9.25773   	
3.858159	43.3502   	14.142278	9.2822    	
3.895400	43.3354   	14.259443	9.30691   	
3.932624	43.3204   	14.376055	9.33185   	
3.969831	43.3053   	14.492112	9.35702   	
4.007020	43.29     	14.607610	9.38242   	
4.044191	43.2746   	14.722548	9.40805   	
4.081345	43.2591   	14.836925	9.43392   	
4.118480	43.2434   	14.950737	9.46001   	
4.155597	43.2276   	15.063984	9.48634   	
4.192696	43.2117   	15.176663	9.5129    	
4.229776	43.1956   	15.288773	9.53969   	
4.266837	43.1793   	15.400312	9.56671   	
4.303879	43.163    	15.511278	9.59395   	
4.340902	43.1465   	15.621670	9.62143   	
4.377906	43.1298   	15.731487	9.64914   	
4.414890	43.1131   	15.840726	9.67708   	
4.451855	43.0961   	15.949386	9.70524   	
4.488800	43.0791   	16.057467	9.73364   	
4.525724	43.0619   	16.164967	9.76226   	
4.562629	43.0446   	16.271884	9.79111   	
4.599513	43.0271   	16.378218	9.82019   	
4.636377	43.0095   	16.483967	9.8495    	
4.673220	42.9918   	16.589130	9.87903   	
4.710042	42.9739   	16.693707	9.90879   	
4.746843	42.9559   	16.797696	9.93878   	
4.783622	42.9378   	16.901097	9.96899   	
4.820380	42.9195   	17.003908	9.99943   	
4.857117	42.9011   	17.106130	10.0301   	
4.893832	42.8825   	17.207760	10.061    	
4.930524	42.8638   	17.308800	10.0921   	
4.967195	42.845    	17.409247	10.1234   	
5.003843	42.826    	17.509101	10.155    	
5.040469	42.807    	17.608363	10.1868   	
5.077072	42.7877   	17.707031	10.2188   	
5.113652	42.7684   	17.805104	10.251    	
5.150209	42.7489   	17.902584	10.2835   	
5.186743	42.7293   	17.999469	10.3162   	
5.223253	42.7095   	18.095759	10.3491   	
5.259740	42.6896   	18.191453	10.3822   	
5.296203	42.6696   	18.286553	10.4156   	
5.332642	42.6494   	18.381057	10.4491   	
5.369057	42.6291   	18.474965	10.4829   	
5.405447	42.6087   	18.568278	10.5169   	
5.441813	42.5881   	18.660995	10.5512   	
5.478155	42.5674   	18.753116	10.5856   	
5.514471	42.5466   	18.844642	10.6203   	
5.550762	42.5257   	18.935573	10.6552   	
5.587029	42.5046   	19.025909	10.6903   	
5.623269	42.4834   	19.115650	10.7256   	
5.659484	42.462    	19.204796	10.7612   	
5.695673	42.4405   	19.293347	10.7969   	
5.731837	42.4189   	19.381305	10.8329   	
5.767974	42.3972   	19.468669	10.8691   	
5.804084	42.3753   	19.555439	10.9056   	
5.840168	42.3533   	19.641617	10.9422   	
5.876226	42.3312   	19.727203	10.979    	
5.912256	42.3089   	19.812196	11.0161   	
5.948260	42.2865   	19.896599	11.0534   	
5.984236	42.264    	19.980410	11.0909   	
6.020184	42.2414   	20.063632	11.1286   	
6.056105	42.2186   	20.146264	11.1665   	
6.091998	42.1957   	20.228308	11.2047   	
6.127863	42.1726   	20.309763	11.243    	
6.163700	42.1495   	20.390632	11.2816   	
6.199508	42.1262   	20.470913	11.3204   	
6.235288	42.1028   	20.550610	11.3594   	
6.271039	42.0792   	20.629721	11.3986   	
6.306761	42.0556   	20.708249	11.438    	
6.342453	42.0318   	20.786194	11.4776   	
6.378117	42.0078   	20.863556	11.5175   	
6.413751	41.9838   	20.940338	11.5575   	
6.449355	41.9596   	21.016539	11.5978   	
6.484929	41.9353   	21.092162	11.6383   	
6.520473	41.9109   	21.167206	11.679    	
6.555986	41.8863   	21.241674	11.7199   	
6.591469	41.8616   	21.315565	11.761    	
6.626922	41.8368   	21.388882	11.8023   	
6.662343	41.8119   	21.461625	11.8438   	
6.697733	41.7868   	21.533796	11.8855   	
6.733092	41.7616   	21.605396	11.9274   	
6.768420	41.7363   	21.676426	11.9696   	
6.803716	41.7109   	21.746887	12.0119   	
6.838980	41.6854   	21.816780	12.0545   	
6.874212	41.6597   	21.886108	12.0972   	
6.909411	41.6339   	21.954870	12.1402   	
6.944579	41.608    	22.023069	12.1834   	
6.979713	41.5819   	22.090706	12.2267   	
7.014815	41.5557   	22.157782	12.2703   	
7.049883	41.5295   	22.224298	12.3141   	
7.084919	41.503    	22.290256	12.3581   	
7.119920	41.4765   	22.355658	12.4022   	
7.154889	41.4499   	22.420504	12.4466   	
7.189823	41.4231   	22.484797	12.4912   	
7.224723	41.3962   	22.548537	12.536    	
7.259589	41.3692   	22.611727	12.581    	
7.294421	41.342    	22.674367	12.6262   	
7.329218	41.3148   	22.736460	12.6716   	
7.363980	41.2874   	22.798006	12.7171   	
7.398707	41.2599   	22.859008	12.7629   	
7.433399	41.2323   	22.919466	12.8089   	
7.468055	41.2046   	22.979383	12.8551   	
7.502676	41.1767   	23.038761	12.9015   	
7.537261	41.1487   	23.097599	12.948    	
7.571810	41.1206   	23.155901	12.9948   	
7.606322	41.0924   	23.213668	13.0418   	
7.640799	41.0641   	23.270902	13.089    	
7.675238	41.0357   	23.327604	13.1363   	
7.709641	41.0071   	23.383775	13.1839   	
7.744006	40.9784   	23.439419	13.2316   	
7.778334	40.9497   	23.494535	13.2796   	
7.812625	40.9207   	23.549126	13.3277   	
7.846878	40.8917   	23.603195	13.376    	
7.881093	40.8626   	23.656741	13.4245   	
7.915270	40.8333   	23.709768	13.4733   	
7.949409	40.804    	23.762276	13.5222   	
7.983509	40.7745   	23.814268	13.5713   	
8.017571	40.7449   	23.865745	13.6205   	
8.051593	40.7152   	23.916710	13.67     	
8.085577	40.6853   	23.967163	13.7197   	
8.119521	40.6554   	24.017107	13.7695   	
8.153425	40.6254   	24.066543	13.8196   	
8.187290	40.5952   	24.115473	13.8698   	
8.221115	40.5649   	24.163900	13.9202   	
8.254899	40.5345   	24.211824	13.9708   	
8.288643	40.504    	24.259248	14.0216   	
8.322347	40.4734   	24.306173	14.0726   	
8.356010	40.4427   	24.352602	14.1238   	
8.389631	40.4118   	24.398535	14.1751   	
8.423212	40.3809   	24.443976	14.2266   	
8.456751	40.3498   	24.488925	14.2784   	
8.490248	40.3187   	24.533385	14.3303   	
8.523703	40.2874   	24.577357	14.3823   	
8.557117	40.256    	24.620843	14.4346   	
8.590487	40.2245   	24.663845	14.487    	
8.623816	40.1929   	24.706366	14.5397   	
8.657102	40.1612   	24.748406	14.5925   	
8.690344	40.1294   	24.789967	14.6455   	
8.723544	40.0974   	24.831052	14.6986   	
8.756700	40.0654   	24.871663	14.752    	
8.789812	40.0333   	24.911801	14.8055   	
8.822881	40.001    	24.951467	14.8592   	
8.855905	39.9687   	24.990665	14.9131   	
8.888886	39.9362   	25.029396	14.9672   	
8.921821	39.9036   	25.067661	15.0214   	
8.954713	39.8709   	25.105462	15.0758   	
8.987559	39.8382   	25.142802	15.1304   	
9.020360	39.8053   	25.179683	15.1852   	
9.053115	39.7723   	25.216105	15.2401   	
9.085825	39.7392   	25.252072	15.2952   	
9.118489	39.706    	25.287584	15.3505   	
9.151107	39.6727   	25.322644	15.406    	
9.183679	39.6393   	25.357254	15.4616   	
9.216204	39.6058   	25.391415	15.5174   	
9.248683	39.5721   	25.425130	15.5734   	
9.281115	39.5384   	25.458399	15.6295   	
9.313499	39.5046   	25.491226	15.6858   	
9.345836	39.4707   	25.523612	15.7423   	
9.378125	39.4367   	25.555559	15.799    	
9.410367	39.4025   	25.587068	15.8558   	
9.442560	39.3683   	25.618142	15.9128   	
9.474706	39.334    	25.648782	15.9699   	
9.506802	39.2996   	25.678991	16.0273   	
9.538850	39.265    	25.708770	16.0847   	
9.570849	39.2304   	25.738120	16.1424   	
9.602798	39.1957   	25.767045	16.2002   	
9.634699	39.1609   	25.795545	16.2582   	
9.666549	39.126    	25.823623	16.3164   	
9.698349	39.0909   	25.851280	16.3747   	
9.730100	39.0558   	25.878518	16.4331   	
9.761800	39.0206   	25.905339	16.4918   	
9.793449	38.9853   	25.931745	16.5506   	
9.825048	38.9499   	25.957738	16.6095   	
9.856595	38.9144   	25.983320	16.6687   	
9.888091	38.8788   	26.008491	16.7279   	
9.919536	38.8431   	26.033255	16.7874   	
9.950928	38.8073   	26.057613	16.847    	
9.982269	38.7714   	26.081567	16.9067   	
10.013557	38.7354   	26.105118	16.9666   	
10.044793	38.6994   	26.128269	17.0267   	
10.075976	38.6632   	26.151021	17.0869   	
10.107106	38.6269   	26.173376	17.1473   	
10.138183	38.5906   	26.195336	17.2079   	
10.169207	38.5541   	26.216903	17.2686   	
10.200177	38.5176   	26.238078	17.3294   	
10.231092	38.481    	26.258863	17.3904   	
10.261954	38.4442   	26.279260	17.4515   	
10.292761	38.4074   	26.299271	17.5129   	
10.323514	38.3705   	26.318898	17.5743   	
10.354211	38.3335   	26.338141	17.6359   	
10.384853	38.2964   	26.357004	17.6977   	
10.415440	38.2592   	26.375488	17.7596   	
10.445972	38.222    	26.393594	17.8216   	
10.476447	38.1846   	26.411324	17.8838   	
10.506866	38.1472   	26.428680	17.9462   	
10.537229	38.1096   	26.445665	18.0087   	
10.567536	38.072    	26.462278	18.0713   	
10.597785	38.0343   	26.478523	18.1341   	
10.627977	37.9965   	26.494401	18.1971   	
10.658112	37.9586   	26.509913	18.2601   	
10.688189	37.9207   	26.525062	18.3234   	
10.718208	37.8826   	26.539849	18.3867   	
10.748170	37.8445   	26.554276	18.4503   	
10.778072	37.8062   	26.568344	18.5139   	
10.807916	37.7679   	26.582055	18.5777   	
10.837702	37.7295   	26.595411	18.6416   	
10.867428	37.6911   	26.608414	18.7057   	
10.897094	37.6525   	26.621064	18.7699   	
10.926701	37.6138   	26.633365	18.8343   	
10.956249	37.5751   	26.645317	18.8988   	
10.985735	37.5363   	26.656922	18.9634   	
11.015162	37.4974   	26.668182	19.0282   	
11.044528	37.4584   	26.679099	19.0931   	
11.073833	37.4194   	26.689673	19.1581   	
11.103076	37.3802   	26.699907	19.2233   	
11.132259	37.341    	26.709803	19.2886   	
11.161379	37.3017   	26.719361	19.3541   	
11.190438	37.2623   	26.728584	19.4197   	
11.219434	37.2228   	26.737474	19.4854   	
11.248368	37.1833   	26.746031	19.5512   	
11.277239	37.1437   	26.754257	19.6172   	
11.306047	37.104    	26.762154	19.6833   	
11.334791	37.0642   	26.769724	19.7495   	
11.363472	37.0244   	26.776968	19.8159   	
11.392090	36.9844   	26.783887	19.8824   	
11.420643	36.9444   	26.790484	19.949    	
11.449132	36.9043   	26.796760	20.0158   	
11.477556	36.8642   	26.802716	20.0827   	
11.505915	36.8239   	26.808353	20.1497   	
11.534209	36.7836   	26.813675	20.2168   	
11.562438	36.7432   	26.818681	20.2841   	
11.590601	36.7028   	26.823374	20.3514   	
11.618698	36.6622   	26.827754	20.4189   	
11.646729	36.6216   	26.831825	20.4866   	
11.674694	36.5809   	26.835586	20.5543   	
11.702591	36.5402   	26.839040	20.6222   	
11.730422	36.4993   	26.842188	20.6902   	
11.758185	36.4584   	26.845031	20.7583   	
11.785881	36.4175   	26.847571	20.8265   	
11.813508	36.3764   	26.849810	20.8948   	
11.841068	36.3353   	26.851749	20.9633   	
11.868559	36.2941   	26.853389	21.0319   	
11.895982	36.2529   	26.854733	21.1006   	
11.923335	36.2115   	26.855780	21.1694   	
11.950619	36.1701   	26.856533	21.2383   	
11.977834	36.1287   	26.856994	21.3074   	
12.004979	36.0871   	26.857163	21.3766   	
12.032054	36.0455   	26.857042	21.4458   	
12.059058	36.0039   	26.856633	21.5152   	
12.085992	35.9621   	26.855936	21.5847   	
12.112854	35.9203   	26.854954	21.6543   	
12.139646	35.8785   	26.853688	21.724    	
12.166366	35.8365   	26.852138	21.7939   	
12.193014	35.7945   	26.850308	21.8638   	
12.219590	35.7524   	26.848197	21.9339   	
12.246094	35.7103   	26.845807	22.004    	
12.272525	35.6681   	26.843140	22.0743   	
12.298884	35.6259   	26.840197	22.1447   	
12.325169	35.5835   	26.836980	22.2151   	
12.351380	35.5412   	26.833489	22.2857   	
12.377518	35.4987   	26.829726	22.3564   	
12.403581	35.4562   	26.825693	22.4272   	
12.429570	35.4136   	26.821390	22.4981   	
12.455485	35.371    	26.816819	22.5691   	
12.481324	35.3283   	26.811982	22.6402   	
12.507089	35.2855   	26.806879	22.7114   	
12.532777	35.2427   	26.801513	22.7827   	
12.558390	35.1998   	26.795884	22.8541   	
12.583927	35.1569   	26.789993	22.9256   	
12.609387	35.1139   	26.783842	22.9972   	
12.634770	35.0709   	26.777433	23.0688   	
12.660077	35.0277   	26.770765	23.1406   	
12.685306	34.9846   	26.763842	23.2125   	
12.710457	34.9414   	26.756664	23.2845   	
12.735531	34.8981   	26.749232	23.3566   	
12.760526	34.8547   	26.741547	23.4287   	
12.785443	34.8113   	26.733611	23.501    	
12.810281	34.7679   	26.725425	23.5734   	
12.835040	34.7244   	26.716991	23.6458   	
12.859719	34.6808   	26.708309	23.7183   	
12.884319	34.6372   	26.699380	23.791    	
12.908838	34.5935   	26.690207	23.8637   	
12.933277	34.5498   	26.680789	23.9365   	
12.957636	34.506    	26.671129	24.0094   	
12.981913	34.4622   	26.661228	24.0824   	
13.006109	34.4183   	26.651086	24.1554   	
13.030224	34.3744   	26.640706	24.2286   	
13.054256	34.3304   	26.630087	24.3018   	
13.078207	34.2864   	26.619231	24.3751   	
13.102075	34.2423   	26.608140	24.4485   	
13.125860	34.1982   	26.596815	24.522    	
13.149562	34.154    	26.585257	24.5956   	
13.173180	34.1098   	26.573466	24.6693   	
13.196715	34.0655   	26.561445	24.743    	
13.220166	34.0211   	26.549193	24.8168   	
13.243532	33.9768   	26.536714	24.8907   	
13.266813	33.9323   	26.524006	24.9647   	
13.290010	33.8879   	26.511073	25.0387   	
13.313121	33.8434   	26.497914	25.1129   	
13.336146	33.7988   	26.484530	25.1871   	
13.359086	33.7542   	26.470924	25.2613   	
13.381939	33.7095   	26.457096	25.3357   	
13.404705	33.6648   	26.443048	25.4101   	
13.427384	33.6201   	26.428779	25.4846   	
13.449977	33.5753   	26.414292	25.5592   	
13.472481	33.5305   	26.399587	25.6338   	
13.494898	33.4856   	26.384666	25.7086   	
13.517226	33.4407   	26.369530	25.7834   	
13.539466	33.3957   	26.354179	25.8582   	
13.561617	33.3507   	26.338615	25.9331   	
13.583678	33.3057   	26.322838	26.0081   	
13.605650	33.2606   	26.306851	26.0832   	
13.627532	33.2155   	26.290653	26.1583   	
13.649324	33.1704   	26.274246	26.2335   	
13.671025	33.1252   	26.257632	26.3088   	
13.692636	33.0799   	26.240810	26.3841   	
13.714155	33.0346   	26.223782	26.4595   	
13.735583	32.9893   	26.206550	26.535    	
13.756918	32.944    	26.189113	26.6105   	
13.778162	32.8986   	26.171473	26.6861   	
13.799313	32.8532   	26.153632	26.7617   	
13.820371	32.8077   	26.135589	26.8374   	
13.841336	32.7622   	26.117347	26.9132   	
13.862207	32.7167   	26.098906	26.989    	
13.882984	32.6711   	26.080266	27.0649   	
13.903667	32.6255   	26.061430	27.1408   	
13.924256	32.5799   	26.042398	27.2168   	
13.944749	32.5342   	26.023171	27.2929   	
13.965148	32.4885   	26.003749	27.369    	
13.985450	32.4428   	25.984135	27.4451   	
14.005657	32.397    	25.964328	27.5213   	
14.025767	32.3512   	25.944330	27.5976   	
14.045781	32.3054   	25.924142	27.6739   	
14.065698	32.2595   	25.903764	27.7503   	
14.085517	32.2136   	25.883198	27.8267   	
14.105239	32.1677   	25.862445	27.9031   	
14.124863	32.1218   	25.841505	27.9797   	
14.144388	32.0758   	25.820379	28.0562   	
14.163814	32.0298   	25.799069	28.1328   	
14.183142	31.9837   	25.777575	28.2095   	
14.202370	31.9377   	25.755898	28.2862   	
14.221498	31.8916   	25.734039	28.3629   	
14.240526	31.8455   	25.711999	28.4397   	
14.259453	31.7993   	25.689778	28.5166   	
14.278280	31.7531   	25.667379	28.5935   	
14.297006	31.707    	25.644801	28.6704   	
14.315629	31.6607   	25.622045	28.7473   	
14.334151	31.6145   	25.599113	28.8243   	
14.352571	31.5682   	25.576005	28.9014   	
14.370888	31.5219   	25.552722	28.9785   	
14.389102	31.4756   	25.529265	29.0556   	
14.407213	31.4293   	25.505635	29.1327   	
14.425220	31.3829   	25.481832	29.2099   	
14.443122	31.3365   	25.457858	29.2872   	
14.460921	31.2901   	25.433713	29.3644   	
14.478614	31.2437   	25.409399	29.4417   	
14.496203	31.1973   	25.384915	29.5191   	
14.513685	31.1508   	25.360263	29.5964   	
14.531062	31.1043   	25.335444	29.6738   	
14.548333	31.0578   	25.310458	29.7513   	
14.565497	31.0113   	25.285307	29.8287   	
14.582554	30.9648   	25.259990	29.9062   	
14.599503	30.9182   	25.234510	29.9838   	
14.616345	30.8717   	25.208866	30.0613   	
14.633079	30.8251   	25.183060	30.1389   	
14.649704	30.7785   	25.157092	30.2165   	
14.666220	30.7318   	25.130964	30.2941   	
14.682627	30.6852   	25.104675	30.3718   	
14.698925	30.6386   	25.078227	30.4495   	
14.715112	30.5919   	25.051620	30.5272   	
14.731189	30.5452   	25.024856	30.6049   	
14.747156	30.4985   	24.997934	30.6826   	
14.763011	30.4518   	24.970857	30.7604   	
14.778755	30.4051   	24.943624	30.8382   	
14.794387	30.3584   	24.916236	30.916    	
14.809906	30.3116   	24.888695	30.9938   	
14.825313	30.2649   	24.861000	31.0717   	
14.840607	30.2181   	24.833153	31.1496   	
14.855787	30.1713   	24.805154	31.2275   	
14.870854	30.1246   	24.777004	31.3054   	
14.885807	30.0778   	24.748704	31.3833   	
14.900645	30.031    	24.720254	31.4612   	
14.915368	29.9842   	24.691656	31.5391   	
14.929975	29.9373   	24.662910	31.6171   	
14.944467	29.8905   	24.634016	31.6951   	
14.958843	29.8437   	24.604976	31.7731   	
14.973102	29.7969   	24.575790	31.8511   	
14.987245	29.75     	24.546459	31.9291   	
15.001270	29.7032   	24.516983	32.0071   	
15.015178	29.6563   	24.487364	32.0851   	
15.028967	29.6094   	24.457602	32.1631   	
15.042638	29.5626   	24.427697	32.2412   	
15.056191	29.5157   	24.397651	32.3192   	
15.069624	29.4688   	24.367464	32.3972   	
15.082937	29.422    	24.337137	32.4753   	
15.096131	29.3751   	24.306670	32.5533   	
15.109203	29.3282   	24.276064	32.6314   	
15.122156	29.2813   	24.245320	32.7095   	
15.134987	29.2345   	24.214438	32.7875   	
15.147696	29.1876   	24.183419	32.8656   	
15.160283	29.1407   	24.152265	32.9437   	
15.172748	29.0938   	24.120974	33.0217   	
15.185090	29.047    	24.089549	33.0998   	
15.197309	29.0001   	24.057990	33.1778   	
15.209405	28.9532   	24.026297	33.2559   	
15.221376	28.9063   	23.994471	33.3339   	
15.233223	28.8595   	23.962513	33.412    	
15.244945	28.8126   	23.930423	33.49     	
15.256542	28.7657   	23.898202	33.5681   	
15.268013	28.7189   	23.865851	33.6461   	
15.279358	28.672    	23.833370	33.7241   	
15.290577	28.6252   	23.800760	33.8021   	
15.301669	28.5783   	23.768021	33.8801   	
15.312634	28.5315   	23.735155	33.9581   	
15.323471	28.4847   	23.702161	34.0361   	
15.334180	28.4378   	23.669041	34.1141   	
15.344760	28.391    	23.635795	34.192    	
15.355212	28.3442   	23.602423	34.27     	
15.365534	28.2974   	23.568927	34.3479   	
15.375727	28.2506   	23.535306	34.4258   	
15.385789	28.2038   	23.501562	34.5037   	
15.395721	28.1571   	23.467695	34.5816   	
15.405522	28.1103   	23.433706	34.6595   	
15.415192	28.0635   	23.399594	34.7373   	
15.424730	28.0168   	23.365362	34.8152   	
15.434135	27.9701   	23.331009	34.893    	
15.443408	27.9234   	23.296536	34.9708   	
15.452549	27.8767   	23.261943	35.0485   	
15.461555	27.83     	23.227232	35.1263   	
15.470428	27.7833   	23.192402	35.204    	
15.479166	27.7366   	23.157454	35.2817   	
15.487770	27.69     	23.122390	35.3594   	
15.496239	27.6433   	23.087209	35.4371   	
15.504572	27.5967   	23.051911	35.5147   	
15.512769	27.5501   	23.016499	35.5923   	
15.520830	27.5035   	22.980971	35.6699   	
15.528754	27.4569   	22.945329	35.7474   	
15.536540	27.4104   	22.909573	35.8249   	
15.544190	27.3639   	22.873705	35.9024   	
15.551701	27.3173   	22.837723	35.9799   	
15.559073	27.2708   	22.801629	36.0573   	
15.566307	27.2244   	22.765424	36.1347   	
15.573401	27.1779   	22.729107	36.2121   	
15.580356	27.1315   	22.692680	36.2894   	
15.587170	27.085    	22.656143	36.3667   	
15.593844	27.0386   	22.619496	36.444    	
15.600376	26.9922   	22.582741	36.5212   	
15.606768	26.9459   	22.545877	36.5984   	
15.613017	26.8996   	22.508905	36.6756   	
15.619124	26.8532   	22.471826	36.7527   	
15.625088	26.8069   	22.434640	36.8298   	
15.630909	26.7607   	22.397347	36.9068   	
15.636586	26.7144   	22.359949	36.9838   	
15.642120	26.6682   	22.322446	37.0608   	
15.647509	26.622    	22.284837	37.1377   	
15.652753	26.5759   	22.247125	37.2146   	
15.657851	26.5297   	22.209308	37.2914   	
15.662804	26.4836   	22.171388	37.3682   	
15.667611	26.4375   	22.133366	37.445    	
15.672271	26.3914   	22.095241	37.5217   	
15.676784	26.3454   	22.057014	37.5983   	
15.681149	26.2994   	22.018686	37.675    	
15.685367	26.2534   	21.980257	37.7515   	
15.689436	26.2075   	21.941728	37.828    	
15.693357	26.1616   	21.903099	37.9045   	
15.697128	26.1157   	21.864370	37.9809   	
15.700749	26.0698   	21.825543	38.0573   	
15.704221	26.024    	21.786617	38.1336   	
15.707542	25.9782   	21.747593	38.2099   	
15.710711	25.9324   	21.708472	38.2861   	
15.713730	25.8867   	21.669253	38.3622   	
15.716597	25.841    	21.629938	38.4383   	
15.719311	25.7953   	21.590527	38.5144   	
15.721873	25.7497   	21.551021	38.5904   	
15.724281	25.7041   	21.511419	38.6663   	
15.726536	25.6585   	21.471722	38.7422   	
15.728637	25.613    	21.431932	38.818    	
15.730583	25.5675   	21.392047	38.8938   	
15.732375	25.522    	21.352069	38.9695   	
15.734011	25.4766   	21.311998	39.0451   	
15.735491	25.4312   	21.271835	39.1207   	
15.736816	25.3858   	21.231580	39.1962   	
15.737983	25.3405   	21.191233	39.2717   	
15.738994	25.2953   	21.150795	39.347    	
15.739847	25.25     	21.110266	39.4224   	
15.740542	25.2048   	21.069647	39.4976   	
15.741078	25.1597   	21.028939	39.5728   	
15.741456	25.1145   	20.988141	39.648    	
15.741675	25.0695   	20.947254	39.723    	
15.741733	25.0244   	20.906278	39.798    	
15.741632	24.9794   	20.865214	39.873    	
15.741370	24.9345   	20.824063	39.9478   	
15.740947	24.8896   	20.782824	40.0226   	
15.740363	24.8447   	20.741499	40.0973   	
15.739617	24.7999   	20.700087	40.172    	
15.738708	24.7551   	20.658589	40.2466   	
15.737637	24.7103   	20.617006	40.3211   	
15.736402	24.6656   	20.575338	40.3955   	
15.735004	24.621    	20.533584	40.4698   	
15.733441	24.5764   	20.491747	40.5441   	
15.731714	24.5318   	20.449825	40.6183   	
15.729823	24.4873   	20.407820	40.6925   	
15.727765	24.4428   	20.365732	40.7665   	
15.725542	24.3984   	20.323561	40.8405   	
15.723153	24.354    	20.281307	40.9144   	
15.720597	24.3097   	20.238972	40.9882   	
15.717874	24.2654   	20.196555	41.0619   	
15.714983	24.2212   	20.154057	41.1356   	
15.711925	24.177    	20.111479	41.2091   	
15.708697	24.1329   	20.068820	41.2826   	
15.705301	24.0888   	20.026081	41.356    	
15.701736	24.0448   	19.983262	41.4294   	
15.698001	24.0008   	19.940364	41.5026   	
15.694096	23.9568   	19.897387	41.5758   	
15.690020	23.913    	19.854332	41.6488   	
15.685773	23.8691   	19.811199	41.7218   	
15.681355	23.8254   	19.767988	41.7947   	
15.676764	23.7816   	19.724700	41.8675   	
15.672002	23.738    	19.681335	41.9402   	
15.667067	23.6944   	19.637893	42.0128   	
15.661958	23.6508   	19.594375	42.0854   	
15.656676	23.6073   	19.550782	42.1578   	
15.651220	23.5638   	19.507112	42.2302   	
15.645589	23.5204   	19.463368	42.3024   	
15.639783	23.4771   	19.419549	42.3746   	
15.633802	23.4338   	19.375656	42.4467   	
15.627646	23.3906   	19.331688	42.5187   	
15.621313	23.3474   	19.287647	42.5905   	
15.614803	23.3043   	19.243533	42.6623   	
15.608117	23.2613   	19.199346	42.734    	
15.601253	23.2183   	19.155086	42.8056   	
15.594211	23.1753   	19.110754	42.8771   	
15.586991	23.1325   	19.066350	42.9485   	
15.579592	23.0896   	19.021874	43.0198   	
15.572014	23.0469   	18.977328	43.091    	
15.564257	23.0042   	18.932710	43.1621   	
15.556319	22.9616   	18.888022	43.2331   	
15.548201	22.919    	18.843264	43.304    	
15.539903	22.8765   	18.798436	43.3748   	
15.531423	22.834    	18.753539	43.4455   	
15.522761	22.7916   	18.708572	43.516    	
15.513918	22.7493   	18.663537	43.5865   	
15.504891	22.7071   	18.618433	43.6569   	
15.495683	22.6649   	18.573261	43.7272   	
15.486290	22.6227   	18.528021	43.7973   	
15.476714	22.5807   	18.482714	43.8674   	
15.466954	22.5387   	18.437340	43.9373   	
15.457010	22.4967   	18.391899	44.0071   	
15.446880	22.4549   	18.346391	44.0769   	
15.436566	22.413    	18.300817	44.1465   	
15.426065	22.3713   	18.255178	44.216    	
15.415378	22.3296   	18.209473	44.2853   	
15.404505	22.288    	18.163702	44.3546   	
15.393445	22.2465   	18.117867	44.4238   	
15.382198	22.205    	18.071967	44.4928   	
15.370763	22.1636   	18.026003	44.5618   	
15.359140	22.1223   	17.979976	44.6306   	
15.347328	22.0811   	17.933884	44.6993   	
15.335327	22.0399   	17.887729	44.7679   	
15.323137	21.9988   	17.841512	44.8363   	
15.310758	21.9577   	17.795231	44.9047   	
15.298188	21.9167   	17.748888	44.9729   	
15.285428	21.8758   	17.702484	45.041    	
15.272477	21.835    	17.656017	45.109    	
15.259335	21.7943   	17.609489	45.1769   	
15.246001	21.7536   	17.562900	45.2446   	
15.232476	21.713    	17.516250	45.3122   	
15.218758	21.6724   	17.469539	45.3797   	
15.204847	21.632    	17.422768	45.4471   	
15.190743	21.5916   	17.375938	45.5144   	
15.176446	21.5513   	17.329047	45.5815   	
15.161955	21.511    	17.282098	45.6485   	
15.147269	21.4709   	17.235089	45.7154   	
15.132389	21.4308   	17.188021	45.7821   	
15.117314	21.3908   	17.140895	45.8488   	
15.102044	21.3508   	17.093711	45.9153   	
15.086578	21.311    	17.046469	45.9816   	
15.070916	21.2712   	16.999169	46.0479   	
15.055058	21.2315   	16.951812	46.114    	
15.039003	21.1919   	16.904398	46.18     	
15.022751	21.1523   	16.856927	46.2458   	
15.006302	21.1129   	16.809400	46.3115   	
14.989654	21.0735   	16.761817	46.3771   	
14.972809	21.0342   	16.714177	46.4425   	
14.955765	20.995    	16.666482	46.5079   	
14.938522	20.9558   	16.618732	46.573    	
14.921081	20.9168   	16.570926	46.6381   	
14.903439	20.8778   	16.523066	46.703    	
14.885598	20.8389   	16.475152	46.7677   	
14.867557	20.8001   	16.427183	46.8324   	
14.849315	20.7613   	16.379160	46.8969   	
14.830873	20.7227   	16.331083	46.9612   	
14.812229	20.6841   	16.282953	47.0255   	
14.793384	20.6456   	16.234770	47.0895   	
14.774338	20.6072   	16.186534	47.1535   	
14.755089	20.5689   	16.138245	47.2173   	
14.735638	20.5307   	16.089904	47.2809   	
14.715984	20.4926   	16.041511	47.3444   	
14.696127	20.4545   	15.993066	47.4078   	
14.676067	20.4165   	15.944569	47.471    	
14.655803	20.3787   	15.896021	47.5341   	
14.635335	20.3409   	15.847422	47.597    	
14.614663	20.3031   	15.798773	47.6598   	
14.593787	20.2655   	15.750073	47.7225   	
14.572706	20.228    	15.701322	47.785    	
14.551420	20.1905   	15.652522	47.8473   	
14.529928	20.1532   	15.603671	47.9095   	
14.508231	20.1159   	15.554772	47.9716   	
14.486328	20.0787   	15.505823	48.0335   	
14.464219	20.0417   	15.456825	48.0953   	
14.441904	20.0047   	15.407778	48.1569   	
14.419382	19.9678   	15.358683	48.2183   	
14.396652	19.9309   	15.309539	48.2796   	
14.373716	19.8942   	15.260348	48.3408   	
14.350572	19.8576   	15.211109	48.4018   	
14.327221	19.821    	15.161822	48.4626   	
14.303661	19.7846   	15.112488	48.5233   	
14.279894	19.7482   	15.063107	48.5839   	
14.255918	19.712    	15.013679	48.6442   	
14.231733	19.6758   	14.964205	48.7045   	
14.207339	19.6397   	14.914684	48.7645   	
14.182736	19.6038   	14.865118	48.8244   	
14.157924	19.5679   	14.815505	48.8842   	
14.132902	19.5321   	14.765847	48.9438   	
14.107671	19.4964   	14.716144	49.0032   	
14.082229	19.4608   	14.666396	49.0625   	
14.056577	19.4253   	14.616603	49.1216   	
14.030715	19.3899   	14.566765	49.1806   	
14.004642	19.3546   	14.516883	49.2394   	
13.978359	19.3194   	14.466956	49.298    	
13.951864	19.2842   	14.416986	49.3565   	
13.925158	19.2492   	14.366972	49.4148   	
13.898241	19.2143   	14.316915	49.473    	
13.871112	19.1795   	14.266814	49.531    	
13.843771	19.1448   	14.216671	49.5888   	
13.816219	19.1101   	14.166484	49.6464   	
13.788454	19.0756   	14.116255	49.7039   	
13.760478	19.0412   	14.065984	49.7612   	
13.732288	19.0069   	14.015671	49.8184   	
13.703887	18.9726   	13.965316	49.8754   	
13.675272	18.9385   	13.914919	49.9322   	
13.646445	18.9045   	13.864481	49.9889   	
13.617405	18.8706   	13.814001	50.0454   	
13.588151	18.8367   	13.763481	50.1017   	
13.558685	18.803    	13.712920	50.1578   	
13.529005	18.7694   	13.662318	50.2138   	
13.499112	18.7359   	13.611676	50.2696   	
13.469005	18.7025   	13.560994	50.3252   	
13.438684	18.6692   	13.510272	50.3807   	
13.408150	18.636    	13.459511	50.436    	
13.377401	18.6029   	13.408710	50.4911   	
13.346439	18.5699   	13.357870	50.546    	
13.315263	18.537    	13.306990	50.6008   	
13.283872	18.5042   	13.256072	50.6554   	
13.252267	18.4716   	13.205116	50.7098   	
13.220448	18.439    	13.154121	50.764    	
13.188415	18.4065   	13.103088	50.8181   	
13.156167	18.3742   	13.052017	50.872    	
13.123705	18.3419   	13.000908	50.9257   	
13.091028	18.3098   	12.949762	50.9792   	
13.058137	18.2777   	12.898578	51.0325   	
13.025031	18.2458   	12.847357	51.0857   	
12.991710	18.214    	12.796100	51.1387   	
12.958175	18.1823   	12.744805	51.1915   	
12.924425	18.1507   	12.693474	51.2441   	
12.890460	18.1192   	12.642107	51.2966   	
12.856281	18.0878   	12.590704	51.3488   	
12.821887	18.0565   	12.539265	51.4009   	
12.787278	18.0253   	12.487790	51.4528   	
12.752455	17.9943   	12.436280	51.5045   	
12.717417	17.9633   	12.384735	51.5561   	
12.682164	17.9325   	12.333154	51.6074   	
12.646697	17.9018   	12.281539	51.6586   	
12.611015	17.8712   	12.229888	51.7096   	
12.575119	17.8407   	12.178204	51.7604   	
12.539008	17.8103   	12.126485	51.811    	
12.502682	17.78     	12.074732	51.8614   	
12.466143	17.7498   	12.022945	51.9116   	
12.429389	17.7198   	11.971125	51.9616   	
12.392420	17.6898   	11.919271	52.0115   	
12.355238	17.66     	11.867383	52.0612   	
12.317842	17.6303   	11.815463	52.1106   	
12.280231	17.6007   	11.763510	52.1599   	
12.242407	17.5712   	11.711524	52.209    	
12.204369	17.5418   	11.659505	52.2579   	
12.166117	17.5126   	11.607454	52.3066   	
12.127652	17.4835   	11.555371	52.3552   	
12.088974	17.4544   	11.503256	52.4035   	
12.050082	17.4255   	11.451110	52.4516   	
12.010977	17.3967   	11.398931	52.4996   	
11.971659	17.3681   	11.346722	52.5473   	
11.932128	17.3395   	11.294481	52.5949   	
11.892385	17.3111   	11.242209	52.6422   	
11.852429	17.2827   	11.189906	52.6894   	
11.812261	17.2545   	11.137573	52.7364   	
11.771881	17.2264   	11.085209	52.7831   	
11.731289	17.1985   	11.032815	52.8297   	
11.690486	17.1706   	10.980391	52.8761   	
11.649471	17.1429   	10.927937	52.9223   	
11.608244	17.1153   	10.875453	52.9683   	
11.566807	17.0878   	10.822940	53.014    	
11.525158	17.0604   	10.770397	53.0596   	
11.483300	17.0331   	10.717825	53.105    	
11.441231	17.006    	10.665225	53.1502   	
11.398951	16.979    	10.612595	53.1952   	
11.356462	16.9521   	10.559937	53.24     	
11.313764	16.9253   	10.507250	53.2846   	
11.270856	16.8987   	10.454535	53.3289   	
11.227739	16.8721   	10.401793	53.3731   	
11.184414	16.8457   	10.349022	53.4171   	
11.140880	16.8194   	10.296223	53.4609   	
11.097138	16.7933   	10.243397	53.5045   	
11.053189	16.7672   	10.190543	53.5478   	
11.009032	16.7413   	10.137663	53.591    	
10.964668	16.7155   	10.084755	53.6339   	
10.920097	16.6898   	10.031820	53.6767   	
10.875320	16.6643   	9.978859	53.7193   	
10.830337	16.6388   	9.925871	53.7616   	
10.785148	16.6135   	9.872857	53.8037   	
10.739754	16.5884   	9.819816	53.8457   	
10.694155	16.5633   	9.766750	53.8874   	
10.648352	16.5384   	9.713658	53.9289   	
10.602345	16.5136   	9.660540	53.9702   	
10.556134	16.4889   	9.607397	54.0113   	
10.509719	16.4643   	9.554229	54.0522   	
10.463102	16.4399   	9.501035	54.0929   	
10.416282	16.4156   	9.447816	54.1334   	
10.369261	16.3914   	9.394573	54.1736   	
10.322038	16.3673   	9.341305	54.2137   	
10.274614	16.3434   	9.288012	54.2535   	
10.226990	16.3196   	9.234695	54.2932   	
10.179165	16.2959   	9.181354	54.3326   	
10.131141	16.2724   	9.127990	54.3718   	
10.082917	16.249    	9.074601	54.4108   	
10.034496	16.2257   	9.021189	54.4496   	
9.985876	16.2025   	8.967753	54.4881   	
9.937058	16.1795   	8.914294	54.5265   	
9.888044	16.1566   	8.860812	54.5646   	
9.838833	16.1338   	8.807306	54.6026   	
9.789426	16.1112   	8.753778	54.6403   	
9.739824	16.0886   	8.700228	54.6778   	
9.690027	16.0662   	8.646655	54.7151   	
9.640036	16.044    	8.593059	54.7521   	
9.589852	16.0219   	8.539442	54.789    	
9.539474	15.9999   	8.485802	54.8256   	
9.488904	15.978    	8.432141	54.862    	
9.438142	15.9562   	8.378458	54.8982   	
9.387189	15.9346   	8.324753	54.9342   	
9.336046	15.9132   	8.271027	54.97     	
9.284712	15.8918   	8.217280	55.0056   	
9.233189	15.8706   	8.163512	55.0409   	
9.181478	15.8495   	8.109723	55.076    	
9.129579	15.8285   	8.055913	55.1109   	
9.077493	15.8077   	8.002083	55.1456   	
9.025220	15.787    	7.948232	55.18     	
8.972761	15.7665   	7.894361	55.2142   	
8.920118	15.7461   	7.840470	55.2483   	
8.867289	15.7258   	7.786559	55.282    	
8.814278	15.7056   	7.732629	55.3156   	
8.761083	15.6856   	7.678678	55.349    	
8.707706	15.6657   	7.624708	55.3821   	
8.654147	15.6459   	7.570719	55.415    	
8.600408	15.6263   	7.516711	55.4477   	
8.546489	15.6068   	7.462684	55.4801   	
8.492391	15.5874   	7.408638	55.5124   	
8.438115	15.5682   	7.354573	55.5444   	
8.383661	15.5491   	7.300489	55.5762   	
8.329030	15.5302   	7.246388	55.6077   	
8.274224	15.5113   	7.192268	55.6391   	
8.219242	15.4927   	7.138130	55.6702   	
8.164086	15.4741   	7.083974	55.7011   	
8.108757	15.4557   	7.029800	55.7317   	
8.053255	15.4374   	6.975609	55.7622   	
7.997582	15.4193   	6.921400	55.7924   	
7.941738	15.4013   	6.867173	55.8224   	
7.885724	15.3834   	6.812930	55.8521   	
7.829541	15.3657   	6.758670	55.8817   	
7.773190	15.3481   	6.704392	55.911    	
7.716672	15.3306   	6.650098	55.9401   	
7.659987	15.3133   	6.595788	55.9689   	
7.603137	15.2961   	6.541461	55.9975   	
7.546123	15.279    	6.487118	56.0259   	
7.488946	15.2621   	6.432758	56.0541   	
7.431606	15.2453   	6.378383	56.082    	
7.374104	15.2287   	6.323992	56.1097   	
7.316442	15.2122   	6.269585	56.1372   	
7.258620	15.1958   	6.215162	56.1645   	
7.200640	15.1796   	6.160724	56.1915   	
7.142503	15.1635   	6.106271	56.2183   	
7.084208	15.1476   	6.051803	56.2448   	
7.025759	15.1318   	5.997320	56.2712   	
6.967155	15.1161   	5.942822	56.2973   	
6.908397	15.1006   	5.888309	56.3231   	
6.849488	15.0852   	5.833782	56.3488   	
6.790426	15.0699   	5.779240	56.3742   	
6.731215	15.0548   	5.724685	56.3993   	
6.671855	15.0398   	5.670115	56.4243   	
6.612346	15.025    	5.615531	56.449    	
6.552691	15.0103   	5.560933	56.4734   	
6.492889	14.9957   	5.506322	56.4977   	
6.432943	14.9813   	5.451697	56.5217   	
6.372854	14.967    	5.397059	56.5455   	
6.312621	14.9529   	5.342408	56.569    	
6.252248	14.9389   	5.287743	56.5923   	
6.191734	14.925    	5.233066	56.6154   	
6.131081	14.9113   	5.178376	56.6382   	
6.070291	14.8978   	5.123673	56.6608   	
6.009363	14.8843   	5.068957	56.6832   	
5.948301	14.871    	5.014230	56.7053   	
5.887103	14.8579   	4.959490	56.7272   	
5.825773	14.8449   	4.904738	56.7489   	
5.764311	14.832    	4.849974	56.7703   	
5.702718	14.8193   	4.795198	56.7915   	
5.640996	14.8067   	4.740410	56.8124   	
5.579145	14.7943   	4.685611	56.8332   	
5.517167	14.782    	4.630801	56.8536   	
5.455064	14.7698   	4.575979	56.8739   	
5.392836	14.7578   	4.521146	56.8939   	
5.330485	14.7459   	4.466302	56.9137   	
5.268012	14.7342   	4.411448	56.9332   	
5.205418	14.7226   	4.356582	56.9525   	
5.142705	14.7112   	4.301706	56.9715   	
5.079874	14.6999   	4.246820	56.9904   	
5.016926	14.6887   	4.191924	57.0089   	
4.953863	14.6777   	4.137017	57.0273   	
4.890685	14.6668   	4.082100	57.0454   	
4.827395	14.6561   	4.027173	57.0633   	
4.763993	14.6455   	3.972237	57.0809   	
4.700481	14.6351   	3.917291	57.0983   	
4.636860	14.6248   	3.862336	57.1154   	
4.573131	14.6146   	3.807371	57.1323   	
4.509297	14.6046   	3.752397	57.149    	
4.445358	14.5947   	3.697414	57.1654   	
4.381315	14.585    	3.642422	57.1816   	
4.317171	14.5754   	3.587422	57.1976   	
4.252926	14.566    	3.532413	57.2133   	
4.188582	14.5567   	3.477395	57.2288   	
4.124140	14.5476   	3.422369	57.244    	
4.059602	14.5386   	3.367334	57.259    	
3.994968	14.5297   	3.312292	57.2737   	
3.930242	14.521    	3.257242	57.2882   	
3.865423	14.5124   	3.202183	57.3025   	
3.800513	14.504    	3.147118	57.3165   	
3.735515	14.4957   	3.092044	57.3303   	
3.670428	14.4876   	3.036963	57.3438   	
3.605255	14.4796   	2.981875	57.3571   	
3.539998	14.4718   	2.926780	57.3702   	
3.474657	14.4641   	2.871678	57.383    	
3.409234	14.4565   	2.816568	57.3956   	
3.343731	14.4491   	2.761453	57.4079   	
3.278148	14.4418   	2.706330	57.42     	
3.212489	14.4347   	2.651201	57.4319   	
3.146753	14.4278   	2.596066	57.4435   	
3.080943	14.4209   	2.540924	57.4548   	
3.015060	14.4142   	2.485777	57.466    	
2.949105	14.4077   	2.430623	57.4768   	
2.883081	14.4013   	2.375464	57.4875   	
2.816988	14.3951   	2.320299	57.4979   	
2.750828	14.389    	2.265128	57.508    	
2.684603	14.383    	2.209952	57.5179   	
2.618314	14.3772   	2.154771	57.5276   	
2.551962	14.3716   	2.099584	57.537    	
2.485550	14.3661   	2.044393	57.5462   	
2.419079	14.3607   	1.989197	57.5551   	
2.352550	14.3555   	1.933996	57.5638   	
2.285965	14.3504   	1.878790	57.5722   	
2.219325	14.3455   	1.823580	57.5804   	
2.152633	14.3407   	1.768366	57.5884   	
2.085889	14.3361   	1.713147	57.5961   	
2.019095	14.3316   	1.657924	57.6036   	
1.952253	14.3273   	1.602698	57.6108   	
1.885364	14.3231   	1.547467	57.6178   	
1.818430	14.319    	1.492233	57.6245   	
1.751452	14.3151   	1.436995	57.631    	
1.684433	14.3114   	1.381754	57.6372   	
1.617373	14.3078   	1.326510	57.6433   	
1.550274	14.3043   	1.271262	57.649    	
1.483139	14.301    	1.216012	57.6545   	
1.415967	14.2978   	1.160758	57.6598   	
1.348762	14.2948   	1.105502	57.6648   	
1.281524	14.292    	1.050243	57.6696   	
1.214256	14.2892   	0.994982	57.6741   	
1.146958	14.2867   	0.939718	57.6784   	
1.079633	14.2842   	0.884452	57.6825   	
1.012281	14.2819   	0.829184	57.6863   	
0.944906	14.2798   	0.773914	57.6898   	
0.877508	14.2778   	0.718642	57.6931   	
0.810088	14.276    	0.663368	57.6962   	
0.742650	14.2743   	0.608093	57.699    	
0.675193	14.2727   	0.552817	57.7016   	
0.607720	14.2713   	0.497539	57.7039   	
0.540232	14.2701   	0.442260	57.706    	
0.472732	14.269    	0.386979	57.7078   	
0.405220	14.268    	0.331698	57.7094   	
0.337698	14.2672   	0.276416	57.7108   	
0.270168	14.2666   	0.221134	57.7119   	
0.202632	14.266    	0.165851	57.7127   	
0.135091	14.2657   	0.110568	57.7134   	
0.067546	14.2655   	0.055284	57.7137   	
0.000000	14.2654   	0.000000	57.7138   	
